Label	Variable	mean	sd	se	median	iqr	conf_low	conf_high
K	Host	0.81342597755229	0.0522113596433445	0.00522113596433445	0.818602317821068	0.0834799291617474	0.80306611106532	0.82378584403926
K	Habitat	0.750823104564014	0.0558986326430191	0.00558986326430191	0.75808603837649	0.0689547014798357	0.739731603117936	0.761914606010093
K	Egg	0.796047039221786	0.0666181599754793	0.00666181599754793	0.804707792207792	0.0948245607718889	0.782828550991101	0.80926552745247
B	Host	0.928506129232805	0.026918813061618	0.0026918813061618	0.935592757936508	0.0480806756374943	0.92316485271346	0.93384740575215
B	Habitat	0.851849637977029	0.05051365545912	0.005051365545912	0.857936683301267	0.0767902766921865	0.841826632832171	0.861872643121887
B	Egg	0.866209730849188	0.0544603640003597	0.00544603640003597	0.87039652014652	0.0931296310550086	0.85540361310528	0.877015848593096
W	Host	0.880969373671775	0.0258332408755894	0.00258332408755894	0.880438311688311	0.0384829158936302	0.875843498225799	0.886095249117751
W	Habitat	0.76591274414669	0.0567943614920429	0.00567943614920429	0.762208304398148	0.0715180496550252	0.754643510663986	0.777181977629393
W	Egg	0.86942808496566	0.0446822691214862	0.00446822691214862	0.866891081029186	0.0700853094274142	0.86056215338304	0.87829401654828
