Model	Iteration	Variable	Subsampled	MinObs	decay	logLoss	logLossSD	AIC	AUC	Accuracy	AccuracySD	Kappa
m1	1	Egg	2	2	0.1	1.1661421160695	0.255707179901059	219.111973102451	0.919146825396825	0.48307215007215	0.184371530505909	0.427772431880786
m2	1	Egg	2	2	0.1	1.19252310993975	0.208227981681393	184.286856353211	0.946974206349206	0.508060966810967	0.189359268397095	0.462406313297973
m3	1	Egg	2	2	0	1.2207543017985	0.160089548754232	134.351028152742	0.909844322344322	0.156818181818182	0.122557704949616	0.109128302618702
m4	1	Egg	2	2	0.1	1.40122816776306	0.472368511003361	153.364262547924	0.858630952380952	0.426503968253968	0.200986269877267	0.375080389076842
m5	1	Egg	2	2	0.1	2.09023715077753	0.240040346590532	155.342517145412	0.751596749811036	0.195757936507936	0.124636050057464	0.143531676105441
m6	1	Egg	2	2	0.1	1.54579515191449	0.222488443834473	179.987647427647	0.883560090702948	0.323381673881674	0.153171215799446	0.265835956378832
m7	1	Egg	2	2	0.1	1.65065609310958	0.222172334496562	185.959298650563	0.854336734693877	0.2706443001443	0.150705901223256	0.214432400383262
m1	2	Egg	2	2	0.1	1.54416037055722	0.317482757427363	240.912731177896	0.848888888888889	0.362718253968254	0.170134995323073	0.308590235882223
m2	2	Egg	2	2	0.1	1.42320361190354	0.259066491321504	206.030320288726	0.898511904761905	0.395785714285714	0.155301470795925	0.341913629073885
m3	2	Egg	2	2	0.1	1.85145701794811	0.188338090389099	169.232541754177	0.863977072310406	0.108164502164502	0.110195456471649	0.0697487641048494
m4	2	Egg	2	2	0.1	1.78233148629725	0.271775932219651	195.348572790798	0.839821428571429	0.299982323232323	0.142056085217973	0.246126185579214
m5	2	Egg	2	2	0.1	2.51139328171365	0.33911636401312	140.273497473776	0.612748015873016	0.0942067099567099	0.099189596797111	0.0564842522549691
m6	2	Egg	2	2	0.1	2.2254393739926	0.398527151392106	183.868013934969	0.72625	0.245695526695527	0.144508859879512	0.196282893800144
m7	2	Egg	2	2	0.1	1.81675055561309	0.259038861285272	183.663523874071	0.783456486042693	0.307266955266955	0.156933676241783	0.249300226882584
m1	3	Egg	2	2	0.1	1.48072219807804	0.336509911085995	207.639070260212	0.862732919254658	0.345071428571429	0.172370080991746	0.291356624369036
m2	3	Egg	2	2	0.1	1.50824037265804	0.35101391225854	189.364262539361	0.850844854070661	0.390059523809524	0.181808022407328	0.333773351464372
m3	3	Egg	2	2	0.1	1.95480805595248	0.284281218925747	145.79194401109	0.806569664902998	0.134055555555556	0.120009970855099	0.0880805588349482
m4	3	Egg	2	2	0.1	1.67847424046648	0.266129940269155	189.822985877522	0.856652661064426	0.299652958152958	0.166688941956934	0.248400959571565
m5	3	Egg	2	2	0.1	2.13555151270428	0.293889410800721	154.53574310109	0.7626026272578	0.14947619047619	0.128702126477149	0.0992225483547575
m6	3	Egg	2	2	0.1	1.78719233391989	0.282411144466181	193.157091269217	0.835093167701863	0.248619769119769	0.135270802236892	0.194295520413105
m7	3	Egg	2	2	0.1	1.76658738225461	0.16328251271407	185.110841228013	0.814469954648526	0.251900793650794	0.151080620408506	0.195856453065379
m1	4	Egg	2	2	1e-04	0.428582111419863	0.343127034571647	211.402572296835	0.986380952380952	0.56078823953824	0.200647082073975	0.514026341925205
m2	4	Egg	2	2	0	0.335263392514441	0.135323137205485	155.375242222631	0.981051587301587	0.534640692640693	0.183095719610008	0.484896639566459
m3	4	Egg	2	2	0	1.05188775688243	0.186153069932821	148.848309516912	0.924131944444444	0.256361111111111	0.135586338989321	0.207941206028682
m4	4	Egg	2	2	1e-04	0.577327734711462	0.590042083747414	167.909229960046	0.985846560846561	0.538295454545455	0.201790633728	0.490287058726354
m5	4	Egg	2	2	0.1	1.73484849621249	0.255665469109392	150.083837169531	0.877777777777778	0.227535714285714	0.141668871740296	0.175333319169583
m6	4	Egg	2	2	0.1	1.06553160197163	0.294445414422214	157.183347548438	0.928884711779449	0.452051948051948	0.163148728531407	0.399698521843711
m7	4	Egg	2	2	0	0.797785271946845	0.147476036223782	132.655323253477	0.945691609977324	0.342623015873016	0.160983742691934	0.282942353158879
m1	5	Egg	2	2	0.1	1.1303991003239	0.275728446645513	220.075721072483	0.940333333333333	0.461662698412698	0.178419393485334	0.406195386479926
m2	5	Egg	2	2	0.1	1.11143108644176	0.250941908443354	203.925687722633	0.921107331821618	0.483902597402597	0.169596458633736	0.430733583430735
m3	5	Egg	2	2	0.1	1.66600015333259	0.295889762372395	143.01935524343	0.827324263038549	0.224433621933622	0.149245760126212	0.174062188884072
m4	5	Egg	2	2	0.1	1.25180213547914	0.325161322598357	168.591673774032	0.916515495086924	0.443308080808081	0.188979251154885	0.391834720400542
m5	5	Egg	2	2	0.1	2.05246595159977	0.240104597334699	132.193789326962	0.802380952380952	0.178607503607504	0.112657672723598	0.129413849526481
m6	5	Egg	2	2	0.1	1.34968010266504	0.232294892440848	179.237334762028	0.916780045351474	0.325886724386724	0.158233224320993	0.274839170515839
m7	5	Egg	2	2	0.1	1.53024355862396	0.257067712251739	181.597126775855	0.87688060731539	0.349055555555556	0.165089238976237	0.296046782309928
m1	6	Egg	2	2	1e-04	0.520734836953851	0.54597111915971	198.000172742015	0.998949579831933	0.611801587301587	0.19293935085067	0.568474037132021
m2	6	Egg	2	2	1e-04	0.675197813194327	0.730666975940619	180.000127075792	0.988203463203463	0.631972222222222	0.200498633171823	0.58891477699663
m3	6	Egg	2	2	0.1	1.62269668544187	0.175683153560658	164.330622987196	0.901948051948052	0.220294372294372	0.143896889362472	0.163940710176368
m4	6	Egg	2	2	1e-04	0.715220670883407	0.662800806415391	180.000135008438	0.982866479925303	0.604723665223665	0.194986658737427	0.559879158453374
m5	6	Egg	2	2	0.1	1.66297823298824	0.266425086124371	126.197102902051	0.848179271708683	0.258218253968254	0.136469330935131	0.206584029804339
m6	6	Egg	2	2	0.1	1.1962034233682	0.172671242923183	158.909440003259	0.925238095238095	0.428059523809524	0.171705389870609	0.376788193499342
m7	6	Egg	2	2	0.1	1.62433320627597	0.252852256506938	148.547610109126	0.85347619047619	0.326535714285714	0.151833516320077	0.272172232558504
m1	7	Egg	2	2	0	0.348702423267923	0.102644396862848	155.311802870147	0.978142857142857	0.506113636363636	0.181571035443663	0.453913187346305
m2	7	Egg	2	2	0	0.349842433500452	0.140029045615404	155.385772191302	0.983015873015873	0.502276695526696	0.214352788772964	0.453784522090473
m3	7	Egg	2	2	0	1.03362799181824	0.239887547193823	148.848309516912	0.920952380952381	0.265051587301587	0.139361118621821	0.212963774590906
m4	7	Egg	2	2	0	0.404386465386932	0.15244098697642	155.455266848068	0.969747899159664	0.50015873015873	0.17831166862195	0.445321615038616
m5	7	Egg	2	2	0	1.24096163631402	0.15288160450753	134.351028152742	0.907467532467532	0.167547619047619	0.127540188382371	0.118731978680477
m6	7	Egg	2	2	0	0.830857529023884	0.180327476701628	154.210261046311	0.946957671957672	0.317198412698413	0.165314477610342	0.265264073193695
m7	7	Egg	2	2	0	0.742675636361268	0.126696232198632	132.598121981405	0.958241758241758	0.326353535353535	0.145448487045327	0.271711472026417
m1	8	Egg	2	2	0.1	1.14400920349101	0.331015630173941	189.611069281266	0.908110119047619	0.402007936507936	0.185763165751851	0.349282478390468
m2	8	Egg	2	2	0.1	1.22609123438275	0.259356167682968	171.364262518809	0.916203703703704	0.432384920634921	0.185512353533693	0.37853435529184
m3	8	Egg	2	2	0.1	1.66327646957711	0.220526081863184	165.429849492938	0.887380952380952	0.172813852813853	0.121668359769163	0.118499930527418
m4	8	Egg	2	2	0.1	0.99638943404542	0.235072461017411	189.719184952825	0.953049289891395	0.485751803751804	0.183867231287032	0.435327942132659
m5	8	Egg	2	2	0.1	1.72477087861324	0.196045718104095	125.69274345216	0.865346790890269	0.225646825396825	0.134324784383211	0.170486109164807
m6	8	Egg	2	2	0.1	1.32463191263872	0.262384894948674	149.452276374488	0.901599702380952	0.35681746031746	0.17586730444221	0.304103121905
m7	8	Egg	2	2	0.1	1.82077373076557	0.247584457541694	138.865376263369	0.784438775510204	0.26531746031746	0.143274424858612	0.210005974239023
m1	9	Egg	2	2	0.1	1.42397334993819	0.378005460198647	223.638170060138	0.890967498110355	0.388294372294372	0.176541919395428	0.333260740060744
m2	9	Egg	2	2	0.1	1.60520639350802	0.313445890813786	189.845566652874	0.845183982683983	0.378264874014874	0.159639361920808	0.322845930069763
m3	9	Egg	2	2	0.1	2.06624377254039	0.257819601889187	156.336664616729	0.795879120879121	0.133027777777778	0.113092978706521	0.0811970061820615
m4	9	Egg	2	2	0.1	1.69729972917637	0.322602949599317	176.229843874953	0.842994505494505	0.36788961038961	0.173996226778734	0.315814691351418
m5	9	Egg	2	2	0.1	2.16630387583911	0.236932272978315	156.846540362529	0.717784992784993	0.13197619047619	0.118197665688708	0.0857738117846026
m6	9	Egg	2	2	0.1	1.78261354133319	0.254639438545313	183.501113833395	0.829667422524565	0.25662012987013	0.141321578903772	0.202953209494821
m7	9	Egg	2	2	0.1	1.79771641496738	0.260373833233886	154.667204391204	0.807142857142857	0.246351731601732	0.152585975578692	0.19367377793629
m1	10	Egg	2	2	0.1	1.20053551558072	0.357026744962486	219.090360789483	0.896428571428571	0.441347041847042	0.182398610457829	0.386741061939282
m2	10	Egg	2	2	0.1	1.12238189805888	0.242189525321205	184.22634931766	0.927289377289377	0.544463203463203	0.167019980658662	0.490926642924952
m3	10	Egg	2	2	0.1	1.66269335417411	0.224648025819714	124.822907509115	0.862946428571429	0.16225	0.117453555295366	0.111137889592252
m4	10	Egg	2	2	0.1	1.33735655643546	0.310518644002377	171.364262516682	0.888055555555556	0.42977380952381	0.199813688213051	0.378796511696234
m5	10	Egg	2	2	0.1	2.26943459597558	0.263223152406872	131.414578292851	0.691979949874687	0.127786796536797	0.10746631021371	0.0785989536203243
m6	10	Egg	2	2	0.1	2.01182217129204	0.352478551176738	167.594106355102	0.756632653061225	0.259531746031746	0.140891774546108	0.198109793294852
m7	10	Egg	2	2	0.1	1.80699456429448	0.239424790379479	169.114372341809	0.802008928571429	0.248392857142857	0.136421279685672	0.194894825036707
m1	11	Egg	2	2	0.1	1.14478630990357	0.227525440604659	199.820881524956	0.947222222222222	0.43675468975469	0.173347392009762	0.381836550049525
m2	11	Egg	2	2	0.1	1.32908905463223	0.228717053454605	155.090354983072	0.918761904761905	0.429035714285714	0.19053684913267	0.38009877724494
m3	11	Egg	2	2	0.1	1.94320837212178	0.250599288337119	137.645006508148	0.830825396825397	0.170270562770563	0.140063256479734	0.119841415664934
m4	11	Egg	2	2	0.1	1.28332104797458	0.31184681067113	155.491536341281	0.917176870748299	0.474496031746032	0.184202745596389	0.420857999426465
m5	11	Egg	2	2	0.1	1.79525382406865	0.165007442395337	152.432694738457	0.862095238095238	0.173075396825397	0.118582979411896	0.119103633634849
m6	11	Egg	2	2	1e-04	1.03741112481512	0.258596168113374	150.477644741672	0.942636684303351	0.296587301587302	0.138332976652941	0.239044226170009
m7	11	Egg	2	2	1e-04	1.4521901747485	0.479845380799971	137.615776056995	0.911850649350649	0.277904761904762	0.143851655615977	0.221629279747908
m1	12	Egg	2	2	0.1	0.972224316046763	0.328093053834889	220.123654464726	0.940165631469979	0.473138888888889	0.201096967660527	0.420769778184717
m2	12	Egg	2	2	0.1	1.39198832823031	0.142213749010208	185.941198906626	0.873462301587302	0.456853174603175	0.159910851045705	0.401020023865803
m3	12	Egg	2	2	0.1	1.64714951740639	0.232368798870918	165.429849492938	0.899546485260771	0.180068542568543	0.127670917261782	0.130037315214363
m4	12	Egg	2	2	0.1	1.14011307692776	0.369401167035384	187.63817009327	0.910773809523809	0.44287481962482	0.193212692670719	0.391435192024725
m5	12	Egg	2	2	0.1	1.96989508755513	0.295706890242847	153.270125610778	0.775541125541126	0.187972222222222	0.133166067567118	0.133981305989858
m6	12	Egg	2	2	0.1	1.55050221655837	0.361009457496059	164.821517628719	0.862125220458554	0.355227272727273	0.1622035133288	0.297092782851322
m7	12	Egg	2	2	0.1	1.85320304641679	0.279375995184655	169.114372341809	0.814415113871636	0.253337301587302	0.144528651089395	0.201120649881402
m1	13	Egg	2	2	0.1	1.12969768948163	0.271787797517504	207.653204127735	0.913095238095238	0.422025252525253	0.176812034678141	0.369613069729033
m2	13	Egg	2	2	0.1	1.32490910551468	0.267019964376801	207.768357917267	0.922186147186147	0.406821428571429	0.181413330120163	0.353509977112757
m3	13	Egg	2	2	0.1	2.09865865043316	0.162620875619334	145.65350130918	0.794557823129252	0.109564213564214	0.104361560032663	0.0659483608359949
m4	13	Egg	2	2	0.1	1.35683501318395	0.276493565500876	171.846333376169	0.919129720853859	0.398357142857143	0.176204423749589	0.347029603781595
m5	13	Egg	2	2	0.1	1.85400666197036	0.203467124932311	115.298111438921	0.812896825396825	0.157484848484848	0.139100015357668	0.110969346949403
m6	13	Egg	2	2	0.1	1.31376511565485	0.263444518644809	148.408733968427	0.909020146520147	0.374272366522367	0.149438354788497	0.31935305661534
m7	13	Egg	2	2	0.1	1.51248150568008	0.22800644796587	148.591405404422	0.876398337112623	0.352579365079365	0.167758649106313	0.302456471869568
m1	14	Egg	2	2	0.1	1.56536434901102	0.347353122570357	203.545177483764	0.867167919799499	0.41622619047619	0.153705803357878	0.364571327870334
m2	14	Egg	2	2	0.1	1.20461893935201	0.262592178451419	168.942451141808	0.919029581529582	0.490904761904762	0.184531767237954	0.440806942949139
m3	14	Egg	2	2	0.1	1.67161873751666	0.233683305711747	123.834416113011	0.85764652014652	0.209018037518038	0.135378313158899	0.159088771037956
m4	14	Egg	2	2	0.1	1.44743020398698	0.338612518988543	206.166998287435	0.880882352941176	0.381382478632479	0.181010678664733	0.33039102797673
m5	14	Egg	2	2	0.1	2.47305349425086	0.222431060412874	158.975703465745	0.690546218487395	0.107508658008658	0.0960227469078182	0.0584102183460917
m6	14	Egg	2	2	0.1	1.95125108658986	0.292654047292282	193.862942246106	0.793386243386243	0.277948773448773	0.140885073133746	0.21994216614841
m7	14	Egg	2	2	0.1	1.77275892288952	0.334443405979408	167.395616434241	0.849166666666667	0.268001082251082	0.142693416806601	0.217104526871012
m1	15	Egg	2	2	0.1	0.984286741873528	0.238988112569398	220.074943620575	0.956185002736727	0.46971176046176	0.199220799344484	0.421679244861632
m2	15	Egg	2	2	1e-04	0.855345670420795	0.501258459940078	185.911332662341	0.987271062271062	0.508880952380952	0.190460939645189	0.452243563625467
m3	15	Egg	2	2	0.1	1.87988354974146	0.291866496794125	128.838440511155	0.799603174603175	0.168049062049062	0.124720008098491	0.120477433448768
m4	15	Egg	2	2	0.1	1.47455039213065	0.30829304223332	205.038244648297	0.908225108225108	0.333190476190476	0.157367138878509	0.280349810510165
m5	15	Egg	2	2	0.1	2.01507427895647	0.219769827618794	133.063422984669	0.800281084656085	0.170453463203463	0.132043769199844	0.12054061863128
m6	15	Egg	2	2	0.1	1.22760984378029	0.267762636209648	177.506427625067	0.909642857142857	0.37255772005772	0.171071523180139	0.322429113500556
m7	15	Egg	2	2	0.1	1.26177250707309	0.235271687910573	144.728525022501	0.909432234432234	0.431698412698413	0.181098435398504	0.378125636660566
m1	16	Egg	2	2	1e-04	0.830312686455008	0.448102246251785	171.364262511245	0.956770833333333	0.521944444444444	0.175248431469487	0.470664017699842
m2	16	Egg	2	2	1e-04	0.967962045638902	0.746321062387764	171.364262507088	0.936860670194004	0.49072619047619	0.18577605912156	0.44144243327879
m3	16	Egg	2	2	0	1.04920773681298	0.221313363788749	148.848309516912	0.933333333333333	0.257258658008658	0.121842711262155	0.205126823442856
m4	16	Egg	2	2	1e-04	0.76240057377313	0.459987578725469	153.750914858499	0.968990929705215	0.495099206349206	0.209395012538504	0.447346301759462
m5	16	Egg	2	2	0.1	1.53815303963291	0.198334982606486	123.096811848311	0.880952380952381	0.238409812409812	0.139135467271239	0.188130608606378
m6	16	Egg	2	2	0.1	1.14400384934894	0.214375236938176	144.728525016227	0.904	0.430680014430014	0.166594455076335	0.376066900911443
m7	16	Egg	2	2	0.1	1.49345588762399	0.215992911181727	134.366695088129	0.868295739348371	0.362822510822511	0.154098043961384	0.307942487510209
m1	17	Egg	2	2	0.1	0.990709114819641	0.270069907552108	202.054129319829	0.970238095238095	0.497376984126984	0.154428719416447	0.445301094477148
m2	17	Egg	2	2	1e-04	0.601503327637092	0.564570511289234	167.545177482739	0.977944862155388	0.548530663780664	0.181647957529455	0.50047743758192
m3	17	Egg	2	2	0.1	1.57176825018242	0.142133930691938	136.092787545695	0.914821428571429	0.223853257853258	0.12551703399964	0.168501929142714
m4	17	Egg	2	2	0.1	1.03846125543536	0.393139738639788	184.192208741466	0.95031746031746	0.456392857142857	0.196234304985074	0.408244716425476
m5	17	Egg	2	2	0.1	1.88031158683892	0.246596608886497	127.063455593594	0.827116402116402	0.204186507936508	0.112282760347589	0.145032621246274
m6	17	Egg	2	2	0.1	1.42589285930392	0.249302852955571	162.728525082942	0.914831349206349	0.328943722943723	0.14833467483677	0.275004354424872
m7	17	Egg	2	2	0.1	1.6906775144089	0.215621752448159	136.092787510115	0.879114452798663	0.246752164502165	0.148217640399285	0.195568731221413
m1	18	Egg	2	2	0.1	1.43713936265442	0.324152369375429	221.545177488731	0.848619737750173	0.456693362193362	0.165229920706815	0.404417864121327
m2	18	Egg	2	2	0.1	1.49324298373391	0.265150973948276	205.0572855754	0.863786482334869	0.447142857142857	0.18011784754234	0.39454943695544
m3	18	Egg	2	2	0.1	1.84990825025019	0.211051297739508	128.042733785909	0.863392857142857	0.171457792207792	0.121033391626864	0.120090489445804
m4	18	Egg	2	2	0.1	1.5890099184755	0.264453373679148	157.183347544554	0.806333333333333	0.422031746031746	0.178140604766613	0.369419273929629
m5	18	Egg	2	2	0.1	2.61251199565778	0.332247450957686	139.423452410183	0.625621118012422	0.107305555555556	0.0973057494589469	0.0657132671795477
m6	18	Egg	2	2	0.1	1.81500817146243	0.292389638372632	180.728525024297	0.777380952380952	0.299734126984127	0.167732009130744	0.250454040595429
m7	18	Egg	2	2	0.1	1.71555465232635	0.25198445258549	183.106955756465	0.806369047619048	0.30915873015873	0.174045184966377	0.258013094965197
m1	19	Egg	2	2	0.1	1.02234580819497	0.317912536628805	190.410758839924	0.924726327312534	0.480851731601732	0.212398303742114	0.430470979139397
m2	19	Egg	2	2	0.1	1.30650800952555	0.236721668763652	190.750547327132	0.87077497665733	0.438909451659452	0.185640601317324	0.384914469175228
m3	19	Egg	2	2	0.1	1.70781618246146	0.219836950209921	143.019355251527	0.837820512820513	0.226	0.133110881642443	0.174698365642138
m4	19	Egg	2	2	0.1	1.312056542006	0.326595356950275	220.449822331495	0.891402116402116	0.444416666666667	0.166911608482923	0.38900965298896
m5	19	Egg	2	2	0.1	1.69249518958739	0.262521381615018	125.869400604708	0.848526077097506	0.228977272727273	0.132414569629293	0.173755504319568
m6	19	Egg	2	2	0.1	1.43040467240917	0.290853251016498	148.006456847253	0.816496598639456	0.354869769119769	0.181363932659365	0.301092826383395
m7	19	Egg	2	2	0.1	1.74304814113699	0.349060871948969	135.551634311095	0.812301587301587	0.317794733044733	0.178559053154145	0.263735558093517
m1	20	Egg	2	2	0.1	1.07655605572606	0.336914086988875	205.883480268658	0.928417818740399	0.49597619047619	0.201299221534242	0.441784722718161
m2	20	Egg	2	2	0.1	1.13098915026162	0.342136852197523	189.364262511293	0.92999533146592	0.4264613997114	0.183837432127167	0.375358753707981
m3	20	Egg	2	2	0.1	1.6757921327984	0.251994341095663	141.096811908502	0.880952380952381	0.186103174603175	0.119260805055468	0.134149277308389
m4	20	Egg	2	2	0.1	1.36131530947231	0.296081111287712	173.457255126998	0.890126050420168	0.409526334776335	0.159016067641077	0.361847078215132
m5	20	Egg	2	2	0.1	1.99158855595313	0.277262388264154	132.519084199489	0.783352229780801	0.149337662337662	0.116887729250222	0.0980120278380781
m6	20	Egg	2	2	0.1	1.36050496760743	0.211792472890807	179.002432588376	0.899498746867168	0.376742063492063	0.153539507650848	0.320444835041878
m7	20	Egg	2	2	0.1	1.53983671428438	0.226383807078685	149.732549334826	0.845560515873016	0.321277777777778	0.146744858939559	0.270774890453209
m1	21	Egg	2	2	1e-04	0.828271959324491	0.586278199021142	219.819085031881	0.970059523809524	0.510296536796537	0.194951222387968	0.462800403829849
m2	21	Egg	2	2	0.1	1.0075689788979	0.209610041447006	203.545177498689	0.94577380952381	0.480793650793651	0.211477819191293	0.431097902111245
m3	21	Egg	2	2	0.1	1.61600919804527	0.213067899563292	143.019355532156	0.87452380952381	0.213686507936508	0.135959165180704	0.162143829114955
m4	21	Egg	2	2	0.1	1.18724238067205	0.338912773491068	202.211049077296	0.949289021164021	0.457062049062049	0.197950768148113	0.406991617443679
m5	21	Egg	2	2	0.1	1.88306143075581	0.184325008325737	113.472586162423	0.846666666666667	0.138738095238095	0.120315568504851	0.0942603856540232
m6	21	Egg	2	2	0.1	1.23955549464084	0.18921330133635	162.962562784638	0.903316326530612	0.330342352092352	0.153136163857499	0.272435604101168
m7	21	Egg	2	2	1e-04	1.2639329162528	0.567664512796154	146.454617481232	0.921607142857143	0.368044733044733	0.149395355952921	0.311307877613788
m1	22	Egg	2	2	0.1	1.26620389205313	0.294927307423155	216.744499281749	0.933482142857143	0.369129509379509	0.171182342160652	0.313735137941011
m2	22	Egg	2	2	0.1	1.40352657330383	0.191218314730897	155.463293434631	0.894924812030075	0.422100288600289	0.172944829940279	0.369492850917076
m3	22	Egg	2	2	0.1	1.81120856841064	0.235859285455594	125.730957718132	0.868581780538302	0.165278138528139	0.121348803661851	0.116111319816284
m4	22	Egg	2	2	0.1	1.36089557761201	0.265389262323807	205.966276330109	0.929075091575092	0.387793650793651	0.183178383963311	0.334761715994834
m5	22	Egg	2	2	0.1	2.16028378764123	0.198304242618377	127.05433977324	0.751002506265664	0.166862914862915	0.121421672458139	0.117384071454182
m6	22	Egg	2	2	0.1	1.61123142947451	0.228318429834383	166.00645691948	0.848563869992441	0.298838383838384	0.138475831332642	0.240861907724096
m7	22	Egg	2	2	1e-04	1.55333119646768	0.649516725734793	137.647574525368	0.901923076923077	0.260897907647908	0.130564388379587	0.209543143533002
m1	23	Egg	2	2	0.1	1.43493580107764	0.318055825059426	208.669491213833	0.877130325814536	0.391527777777778	0.168787171703114	0.338769497735414
m2	23	Egg	2	2	0.1	1.42877354240202	0.291196576500898	239.977898575502	0.898370927318296	0.369027777777778	0.179267233061534	0.313786601879344
m3	23	Egg	2	2	0.1	1.92913763933436	0.228707353446044	145.791944371604	0.823850574712644	0.152392857142857	0.127798196944506	0.102812080752656
m4	23	Egg	2	2	0.1	1.52615682566748	0.280468744861152	206.351958812426	0.873563218390805	0.378230158730159	0.183262167368482	0.324474006762414
m5	23	Egg	2	2	0.1	2.044977397973	0.273457488256657	139.345548779085	0.794400352733686	0.155154761904762	0.132748605413476	0.103809718488667
m6	23	Egg	2	2	0.1	1.75587310784497	0.331311782559751	151.320198835319	0.814828738512949	0.275444444444444	0.165847624085163	0.220140185229947
m7	23	Egg	2	2	0.1	1.90198842175543	0.296201229527791	151.320198837996	0.754260651629073	0.291464646464646	0.156349903691065	0.236932867840072
m1	24	Egg	2	2	0.1	1.1831464570354	0.261411062441716	187.963680725148	0.908531746031746	0.50435101010101	0.172353097055329	0.451894573525621
m2	24	Egg	2	2	1e-04	0.660707563921097	0.49714649342493	153.79866731202	0.972789115646258	0.519914141414141	0.194990163152345	0.473495864148662
m3	24	Egg	2	2	0	1.20371931304475	0.148500559571164	134.351028152742	0.904658385093168	0.156630952380952	0.121793127329162	0.108931598547545
m4	24	Egg	2	2	0.1	1.31123394472085	0.269073862388962	155.841548805313	0.91280525030525	0.451269841269841	0.172957576821404	0.400100947510733
m5	24	Egg	2	2	0.1	2.00872910123406	0.363923838283984	127.96239326973	0.780227743271222	0.180422077922078	0.144118686513452	0.12813569738794
m6	24	Egg	2	2	0.1	1.60398324418955	0.294942657649553	151.825541861064	0.835285714285714	0.285694444444444	0.147541687718913	0.228106042470761
m7	24	Egg	2	2	0.1	1.63633151468655	0.206951351217387	123.09681179191	0.839373897707231	0.235334415584416	0.155903111236759	0.189832541954239
m1	25	Egg	2	2	0.1	1.22658372665596	0.3768147941984	219.819085042925	0.870458553791887	0.475480158730159	0.186538860356324	0.424033059879261
m2	25	Egg	2	2	0.1	1.3099482240084	0.287893855241233	189.700156123974	0.866625615763547	0.456829365079365	0.160616282121739	0.40325896661598
m3	25	Egg	2	2	0.1	1.70953602117457	0.261904590245555	143.019355270942	0.847470238095238	0.190425324675325	0.13654607674346	0.143035223835579
m4	25	Egg	2	2	0.1	1.37740319591085	0.27319766215313	187.638170093583	0.87702380952381	0.454369047619048	0.182264795489386	0.404770445782493
m5	25	Egg	2	2	0.1	2.04756735306544	0.255051636927764	132.094174432777	0.782072829131653	0.203539682539683	0.125460596035396	0.150804152326276
m6	25	Egg	2	2	0.1	1.53518914011075	0.262236461191311	176.229843831949	0.81055900621118	0.39465873015873	0.179935559037224	0.344814342475228
m7	25	Egg	2	2	0.1	1.54796525569507	0.323337702497849	181.597126775855	0.865961199294533	0.340753968253968	0.167640372628949	0.287629906888212
m1	26	Egg	2	2	0.1	1.42735269011366	0.263843122713111	217.685564441809	0.897619047619048	0.407384920634921	0.16443927506859	0.353096511841091
m2	26	Egg	2	2	0.1	1.34400124332794	0.302637612604508	155.090354983072	0.911507936507936	0.424083333333333	0.169255207159481	0.369579245955502
m3	26	Egg	2	2	0.1	1.90888075997778	0.271164807033914	137.645006508148	0.827397486772487	0.166203102453102	0.12867538302145	0.117163636176074
m4	26	Egg	2	2	0.1	1.7202006061645	0.3811629504376	156.136851256353	0.820562770562771	0.359048340548341	0.173363309764292	0.305222531335059
m5	26	Egg	2	2	0.1	2.33181082523149	0.271972637143133	128.641989429062	0.698878536922015	0.142015873015873	0.110113513880028	0.0932837078090014
m6	26	Egg	2	2	0.1	1.68527869614443	0.29718721392987	167.594106354285	0.837528344671202	0.256465367965368	0.153841964699634	0.202769672862817
m7	26	Egg	2	2	1e-04	1.34296202239105	0.556831366121247	137.615776056995	0.919264069264069	0.290439033189033	0.152769086442899	0.237640705332372
m1	27	Egg	2	2	0.1	1.04831624127099	0.274556323781779	203.798844700201	0.966830065359477	0.444680014430014	0.181230480916034	0.389847011830373
m2	27	Egg	2	2	0.1	1.22477965160934	0.22024879182547	203.92671254172	0.942743764172336	0.398071428571429	0.186305303225815	0.342742721749581
m3	27	Egg	2	2	0.1	1.98524557645387	0.246616243403223	145.791943999244	0.79452380952381	0.13329797979798	0.118022824190001	0.0866380411157164
m4	27	Egg	2	2	0.1	1.33825881764947	0.259727353243403	203.866552312715	0.93655753968254	0.409761904761905	0.152547875010847	0.353736607726343
m5	27	Egg	2	2	0.1	1.81962191458814	0.181285767363149	113.727003749698	0.875274725274725	0.136924963924964	0.116762211787975	0.0858746680799937
m6	27	Egg	2	2	0.1	1.396639317798	0.312897873522911	147.715618027287	0.904801587301587	0.321420634920635	0.152419673636702	0.266922832617237
m7	27	Egg	2	2	0.1	1.6185442408114	0.291000307557825	147.501113841397	0.838035714285714	0.335892857142857	0.178375218438557	0.283262546088758
m1	28	Egg	2	2	0.1	0.868016393336925	0.23034859999117	216.312809809158	0.951264880952381	0.529200577200577	0.198106356218438	0.48188022817716
m2	28	Egg	2	2	0.1	1.3469559964942	0.268367794446446	185.941192735137	0.919812925170068	0.439293650793651	0.169307546947184	0.386971449729625
m3	28	Egg	2	2	0.1	1.73414557171267	0.283112168891458	141.096811858565	0.855889724310777	0.175313492063492	0.125281650708798	0.124984803435852
m4	28	Egg	2	2	0.1	1.0912966858273	0.262670710327861	183.819085046775	0.912571428571429	0.504371212121212	0.220559483364021	0.45680410614817
m5	28	Egg	2	2	0.1	1.80902360049066	0.282564124911677	128.699997489053	0.791309523809524	0.257313492063492	0.153788923702304	0.203459285880627
m6	28	Egg	2	2	0.1	1.44697321837119	0.337701326551923	161.002432577131	0.83452380952381	0.412940476190476	0.182459654183021	0.360595665198513
m7	28	Egg	2	2	0.1	1.81510834435862	0.302158565279994	138.185780159769	0.787698412698413	0.222253968253968	0.135038860669012	0.17391739783452
m1	29	Egg	2	2	0.1	1.41907887910638	0.356602882957216	251.276219220045	0.904166666666667	0.342218614718615	0.156901912230643	0.28820043800474
m2	29	Egg	2	2	0.1	1.40916786207142	0.366785440576149	222.218845080817	0.922594246031746	0.374786796536797	0.163133022688868	0.314590585463132
m3	29	Egg	2	2	0.1	1.87305433135929	0.199571836300394	167.26340163987	0.855026455026455	0.124559523809524	0.108675753078041	0.0763366485373638
m4	29	Egg	2	2	0.1	1.66731362163852	0.31809312521664	186.59167378129	0.87526455026455	0.301977633477633	0.147006763233628	0.249035247676456
m5	29	Egg	2	2	0.1	2.44100346581256	0.29972634193961	132.945259735507	0.684598214285714	0.123516233766234	0.0984845013959929	0.0779872745669995
m6	29	Egg	2	2	0.1	1.91542089784625	0.281794934943692	168.866724446849	0.787380952380952	0.259738816738817	0.150511312412286	0.201227219324966
m7	29	Egg	2	2	0.1	1.93050278020022	0.309834076631893	168.19114150133	0.777020202020202	0.23190873015873	0.143280376377096	0.182318923689655
m1	30	Egg	2	2	0.1	2.00356853676308	0.53719504677058	222.970004324587	0.750079365079365	0.316964285714286	0.143753571566777	0.264711269989662
m2	30	Egg	2	2	0.1	1.74128505022855	0.282069869057088	205.103878052911	0.832957393483709	0.355460317460317	0.146648610685093	0.302021928211496
m3	30	Egg	2	2	0.1	2.13201634620506	0.264546229054923	156.336664616729	0.807070707070707	0.108134920634921	0.102996579618886	0.0649120925812351
m4	30	Egg	2	2	0.1	1.80548524070498	0.292002433019404	172.983739256674	0.803058862433862	0.309945165945166	0.182697917995276	0.263039615791582
m5	30	Egg	2	2	0.1	2.48561612785076	0.330405587122019	135.397572404211	0.645887445887446	0.13072619047619	0.117524342070064	0.0796865903713153
m6	30	Egg	2	2	0.1	2.19535113300964	0.341705585923729	167.594106358004	0.703586691086691	0.230972222222222	0.1345869688722	0.177839016194877
m7	30	Egg	2	2	0.1	1.87083089494374	0.255401999863833	186.180141294002	0.792316017316017	0.246416666666667	0.126830971941407	0.192737629150481
m1	31	Egg	2	2	0.1	1.12707975585915	0.264334265065103	189.659251404492	0.921965452847806	0.400154761904762	0.179409333177497	0.344803156937974
m2	31	Egg	2	2	0.1	1.41353528763414	0.333385033851838	189.773425746566	0.906190476190476	0.372326479076479	0.165378333419813	0.319516569428606
m3	31	Egg	2	2	0.1	2.18844994464201	0.280100380681158	130.840334825159	0.773253968253968	0.115988455988456	0.102137639092662	0.0586897863193082
m4	31	Egg	2	2	0.1	1.47529653838819	0.336166268995423	190.731923885688	0.904761904761905	0.393774531024531	0.174502468553661	0.336960993283835
m5	31	Egg	2	2	0.1	1.88323930295388	0.22734000196721	115.298089297284	0.829434092477571	0.14656746031746	0.120809636404726	0.101322764428091
m6	31	Egg	2	2	0.1	1.41262189893216	0.216413528547265	148.408733967831	0.863064713064713	0.319580086580087	0.16415233048076	0.263394202187503
m7	31	Egg	2	2	0.1	1.51941065744228	0.282642718204358	148.180709943143	0.842428571428571	0.345675685425685	0.147817675021363	0.289497333539811
m1	32	Egg	2	2	0.1	1.39466654175507	0.326012791906377	221.908134639688	0.884316770186335	0.384295093795094	0.174702937155636	0.327559356734722
m2	32	Egg	2	2	0.1	1.49740871648538	0.234221170669087	204.048658265201	0.881728778467909	0.408222222222222	0.173191223199526	0.353598077002285
m3	32	Egg	2	2	0.1	2.10677445025052	0.204965314121468	130.426090440764	0.797883597883598	0.132646825396825	0.115429091240736	0.0847402547173384
m4	32	Egg	2	2	0.1	1.63027526054609	0.281549219126837	171.887428562158	0.848872180451128	0.390076479076479	0.168382505552296	0.335345146247913
m5	32	Egg	2	2	0.1	2.01958865112238	0.343871571177435	131.903327836833	0.79985119047619	0.157055555555556	0.134008479240699	0.106767547347309
m6	32	Egg	2	2	0.1	1.77185701895959	0.429253419458434	192.035840241801	0.823095238095238	0.258388888888889	0.15121871623486	0.203246520537588
m7	32	Egg	2	2	0.1	1.77182731012545	0.248844167111035	184.661442581798	0.836904761904762	0.267591991341991	0.140627188975702	0.212393990228068
m1	33	Egg	2	2	0.1	1.29691122225217	0.372808992759647	222.910340596704	0.91038961038961	0.411656926406926	0.167341081701306	0.356085505897413
m2	33	Egg	2	2	0.1	1.38358200303894	0.273816269856601	187.638170071172	0.886860670194003	0.469119047619048	0.178044672100192	0.416149526266664
m3	33	Egg	2	2	0.1	1.82211768033593	0.254775096676633	125.730957726676	0.855227148330597	0.17887012987013	0.132174944674445	0.128129313337551
m4	33	Egg	2	2	0.1	1.54798952402525	0.30888340971831	207.220061548411	0.880357142857143	0.386274531024531	0.170944906751392	0.330596322754356
m5	33	Egg	2	2	0.1	2.246806782128	0.347593626384191	133.333321564682	0.723476890756303	0.153722222222222	0.129558807257545	0.11447484147186
m6	33	Egg	2	2	0.1	1.64765437427437	0.264349336621868	181.671819781154	0.860194307608101	0.326100288600289	0.156802915829047	0.272346500635648
m7	33	Egg	2	2	0.1	1.90254860599434	0.271359198087434	154.564267277393	0.781599378881988	0.243203102453102	0.14312986715339	0.192073443122459
m1	34	Egg	2	2	0.1	1.20814577973157	0.314827003974593	205.896604227085	0.890476190476191	0.446321428571429	0.183336047660381	0.393448203633849
m2	34	Egg	2	2	0.1	1.16182797811185	0.264024884716295	205.638170090127	0.929166666666667	0.423452380952381	0.182262029078791	0.366782467596813
m3	34	Egg	2	2	0.1	1.93300512453834	0.2049186224676	145.791944371604	0.799813258636788	0.161521645021645	0.139417146642511	0.110009610651961
m4	34	Egg	2	2	0.1	1.44778087307955	0.308989276653978	204.37953392336	0.871095238095238	0.446468253968254	0.179801718273586	0.395213097745881
m5	34	Egg	2	2	0.1	1.83676030580731	0.254640226387638	138.272781635037	0.824206349206349	0.16572619047619	0.11476050453801	0.121068124446653
m6	34	Egg	2	2	0.1	1.54770592873923	0.297867992555405	149.227206280335	0.849267399267399	0.32306746031746	0.150291727456754	0.26780645614196
m7	34	Egg	2	2	0.1	1.59413773848159	0.246792846374858	149.634684848557	0.855486111111111	0.332677128427128	0.163432732332483	0.277069637884236
m1	35	Egg	2	2	0.1	1.31068025588948	0.39329592559086	222.910340596704	0.891284538506761	0.440452380952381	0.19229033285796	0.386253380478152
m2	35	Egg	2	2	0.1	1.55316140507167	0.35595930335576	188.100965755484	0.823236331569665	0.44216847041847	0.172570868927803	0.39155168712258
m3	35	Egg	2	2	0.1	1.85148271764912	0.186201379981525	152.432694738457	0.872411186696901	0.166734126984127	0.121286966455823	0.117034018432637
m4	35	Egg	2	2	0.1	1.48860060593434	0.235756718050942	207.220061548411	0.900501253132832	0.388916666666667	0.165146505239284	0.334912271441047
m5	35	Egg	2	2	0.1	2.22705878528455	0.317725038632556	133.333321316274	0.689732142857143	0.164007936507936	0.124389637023508	0.113963108212312
m6	35	Egg	2	2	0.1	1.71048792763659	0.317124484383216	181.408121222046	0.825465838509317	0.31609126984127	0.153447315458141	0.261615258144533
m7	35	Egg	2	2	0.1	1.94484438281592	0.303068268292138	154.092787613021	0.767625661375661	0.242190476190476	0.142100165631908	0.195041380659742
m1	36	Egg	2	2	1e-04	0.53981869347246	0.287221466093545	185.773037770614	0.99297619047619	0.546966089466089	0.183366519788781	0.497343373554314
m2	36	Egg	2	2	1e-04	0.918074435540226	0.554699759025878	167.545177501561	0.959991496598639	0.513615079365079	0.208860401975835	0.464426295130434
m3	36	Egg	2	2	1e-04	1.48596249310753	0.458643992314086	147.658921761508	0.884098639455782	0.200626984126984	0.141299306007001	0.151886216563958
m4	36	Egg	2	2	0	0.283656697094788	0.344198115370871	199.836983537447	0.990892857142857	0.565230158730159	0.220865494243232	0.519375957576684
m5	36	Egg	2	2	0	0.94245127385443	0.171953576996977	120.15156243377	0.937868480725624	0.264480158730159	0.13809951698665	0.206117632409155
m6	36	Egg	2	2	1e-04	1.04732866240401	0.653147968128246	146.666683929432	0.961904761904762	0.361142857142857	0.15960181024781	0.305632187494139
m7	36	Egg	2	2	0.1	1.57713764214138	0.239501646850391	167.757567399807	0.892787114845938	0.256445526695527	0.148828268534361	0.206402580531999
m1	37	Egg	2	2	0.1	1.13640914885617	0.265562592312414	230.934433157684	0.940804002760525	0.449089105339105	0.176578060981545	0.395848252170393
m2	37	Egg	2	2	0.1	1.09806848208496	0.219609915002527	186.907119194094	0.94375	0.46743253968254	0.200413506965981	0.417450384027744
m3	37	Egg	2	2	0.1	1.70593313927347	0.220494653255806	123.834416071546	0.885582010582011	0.186643217893218	0.133616649443423	0.13602612475882
m4	37	Egg	2	2	0.1	1.36528181345023	0.287677372261083	204.863334705703	0.929341736694678	0.363333333333333	0.181012522388825	0.310260087092159
m5	37	Egg	2	2	0.1	2.02581251980937	0.230458665111656	133.063422550633	0.782967032967033	0.163412698412698	0.127230288401593	0.121709350222216
m6	37	Egg	2	2	0.1	1.49666448069588	0.254038518207266	161.002432560454	0.829341736694678	0.387515873015873	0.14084884996201	0.328764669013403
m7	37	Egg	2	2	0.1	1.5132067322206	0.273132953279287	178.902260994348	0.883531746031746	0.373509018759019	0.162959603524897	0.317344702320945
m1	38	Egg	2	2	0.1	1.06022606160937	0.225964750979946	202.060687606802	0.966746031746032	0.457321428571429	0.176215403531912	0.403370151558621
m2	38	Egg	2	2	1e-04	0.844207646183298	0.49976128268684	167.545177482739	0.97196342305038	0.535374458874459	0.184428421610046	0.484927937259447
m3	38	Egg	2	2	0.1	1.71955115543902	0.195952345149618	136.092787545824	0.891025641025641	0.204396825396825	0.121765899353853	0.150162549474476
m4	38	Egg	2	2	0.1	1.35002430091784	0.217091192241912	184.206257140442	0.936210317460317	0.408765873015873	0.151796347482069	0.353373418018797
m5	38	Egg	2	2	0.1	2.04374875425535	0.302941988559328	128.262086285765	0.785367063492064	0.174917748917749	0.119590608600027	0.124982617502289
m6	38	Egg	2	2	0.1	1.6179586256612	0.319271604511414	164.821517615941	0.887254901960784	0.28240367965368	0.13565779534465	0.227522656924785
m7	38	Egg	2	2	0.1	1.76303534383267	0.171745246783647	136.09278750924	0.870436507936508	0.248933261183261	0.142244445371398	0.193740637095568
m1	39	Egg	2	2	0.1	1.30566795559276	0.290210401157005	203.845875406427	0.935714285714286	0.419186507936508	0.165316220624323	0.366211150385394
m2	39	Egg	2	2	0.1	1.40720154720166	0.263045444370491	185.975744949102	0.893095238095238	0.417707431457431	0.184129170577992	0.363064353035745
m3	39	Egg	2	2	0.1	2.10400698247511	0.253997236137124	130.426090259771	0.788057445200302	0.127297619047619	0.106625009625894	0.0808020794386115
m4	39	Egg	2	2	0.1	1.53736451708167	0.231309604109282	173.469352691267	0.875176366843033	0.367535714285714	0.16167859162078	0.315047837151679
m5	39	Egg	2	2	0.1	1.97329770977003	0.207141277924267	129.862739035408	0.801082251082251	0.153734848484848	0.0997379367753057	0.0976604391782275
m6	39	Egg	2	2	0.1	1.54384958617221	0.325347520627611	191.09548925789	0.927941176470588	0.254660894660895	0.150128502093415	0.200401602285654
m7	39	Egg	2	2	0.1	1.71191613615997	0.253276902720774	184.056322701526	0.868696581196581	0.265799062049062	0.16256253475914	0.210887523506994
m1	40	Egg	2	2	0.1	0.940158776869683	0.225802874006155	203.790380303657	0.962222222222222	0.463600649350649	0.161972891131681	0.408281914204565
m2	40	Egg	2	2	0.1	1.17483267335907	0.276685429709868	185.54517748096	0.918253968253968	0.473862554112554	0.187915788550715	0.420753762077071
m3	40	Egg	2	2	0.1	1.75256794296425	0.230903475505978	165.429849492938	0.887092731829574	0.154194805194805	0.124000091176907	0.110322224864637
m4	40	Egg	2	2	1e-04	0.949956026530962	0.488322008675043	185.901959691338	0.972186147186147	0.479116161616162	0.178440394914612	0.426110747459957
m5	40	Egg	2	2	1e-04	1.64810950616571	0.541270749399069	123.39442695034	0.901111111111111	0.220084054834055	0.127862912218631	0.166097783933348
m6	40	Egg	2	2	0.1	1.28827822902605	0.209573793233441	147.710077193711	0.938172398589065	0.313333333333333	0.156007911526431	0.261080956929246
m7	40	Egg	2	2	0.1	1.87673333872669	0.352751429743536	168.561026968537	0.806823671497584	0.259818903318903	0.144820856139269	0.206362758805259
m1	41	Egg	2	2	0.1	1.04398035708096	0.203700996691004	189.611065626329	0.926700680272109	0.451825396825397	0.172172147668927	0.396916551784974
m2	41	Egg	2	2	0.1	1.13524662571322	0.25623620330941	171.364262519246	0.92531746031746	0.481553751803752	0.18537200415054	0.430842728323958
m3	41	Egg	2	2	0.1	1.69305067360472	0.154280809849495	141.096811856273	0.886656746031746	0.18659595959596	0.122293276346183	0.138670274247223
m4	41	Egg	2	2	0.1	1.09560706820976	0.275367591529741	189.719134097096	0.937698412698413	0.48240873015873	0.196879583178439	0.432917947805305
m5	41	Egg	2	2	0.1	1.61866511364919	0.153573861999694	150.083504470314	0.894668737060041	0.239150793650794	0.145641863739756	0.182794261108019
m6	41	Egg	2	2	0.1	1.50815313758042	0.204412598762785	149.227206185467	0.879945054945055	0.33273088023088	0.151187802029101	0.281810582300829
m7	41	Egg	2	2	0.1	1.90164445542831	0.38726648873601	138.865376263189	0.786968537414966	0.258803751803752	0.138092640849462	0.199943928094354
m1	42	Egg	2	2	0.1	1.26531043158082	0.450888558936759	190.410758815319	0.872789115646258	0.431702380952381	0.216006022924486	0.382467145401658
m2	42	Egg	2	2	0.1	1.50690803180188	0.287916973696852	225.046111778127	0.839969135802469	0.394996031746032	0.186531515085337	0.345904652783094
m3	42	Egg	2	2	0.1	1.78142870869394	0.165171882220569	127.653501613077	0.857380952380952	0.202761904761905	0.13357311596838	0.156601428528808
m4	42	Egg	2	2	0.1	1.39873892154231	0.355075723253336	189.650013416539	0.869607843137255	0.434275252525253	0.189694764370642	0.380644120545558
m5	42	Egg	2	2	0.1	2.11152583899999	0.206324038774454	155.363690163774	0.753514739229025	0.161318181818182	0.123594516656291	0.106520596292516
m6	42	Egg	2	2	0.1	1.67694860270868	0.485043100957787	163.775021388896	0.813020833333333	0.333766955266955	0.160650469399466	0.280913086857962
m7	42	Egg	2	2	0.1	1.84996981747632	0.294786819285971	183.106955756465	0.759880952380952	0.334294372294372	0.152575632190774	0.279305674859096
m1	43	Egg	2	2	0.1	1.63498490239636	0.300255150639021	223.638170076091	0.817222222222222	0.374696248196248	0.157520405484041	0.32080017639433
m2	43	Egg	2	2	0.1	1.40663035943171	0.278841448075616	221.476779273608	0.902579365079365	0.37368253968254	0.167293450254963	0.322835158788335
m3	43	Egg	2	2	0.1	1.91740998934579	0.202663705286562	158.050315533838	0.834490740740741	0.131048340548341	0.101599973491393	0.0843434352305903
m4	43	Egg	2	2	0.1	1.48501173396303	0.36188291076444	206.057517256257	0.891287878787879	0.371882756132756	0.187008814433403	0.319453199720626
m5	43	Egg	2	2	0.1	2.17251934732449	0.291113332623799	156.589128886302	0.757716049382716	0.124301587301587	0.105474334681109	0.0790355689264866
m6	43	Egg	2	2	0.1	1.71413949627658	0.295559455591206	183.50111378223	0.821494708994709	0.254132395382395	0.143389852785729	0.200236466544649
m7	43	Egg	2	2	0.1	1.89055765376843	0.298558429627249	154.23123044547	0.770297619047619	0.246420634920635	0.135257750893625	0.190323723616463
m1	44	Egg	2	2	0.1	0.983674027499711	0.257099086902551	203.790381618363	0.959955141476881	0.454587301587302	0.195609965070001	0.401217795076616
m2	44	Egg	2	2	0.1	1.19555902134671	0.270743904853915	185.932305905124	0.917063492063492	0.447719696969697	0.167473617190431	0.39393569992771
m3	44	Egg	2	2	0.1	1.66973010158211	0.16542645790692	141.096811858565	0.871607142857143	0.156896825396825	0.113594745121605	0.108886371019759
m4	44	Egg	2	2	0.1	1.11064491485266	0.215737533947292	185.901958958032	0.960338345864662	0.444669191919192	0.169722046279329	0.392114186153307
m5	44	Egg	2	2	1e-04	1.58309986536911	0.725544223457006	123.394427215298	0.909575569358178	0.222569264069264	0.127800148701755	0.172223104284135
m6	44	Egg	2	2	0.1	1.32362274855856	0.206679145828578	147.710077194417	0.925113378684807	0.307294733044733	0.163010567892239	0.254390462467129
m7	44	Egg	2	2	0.1	1.74587426265034	0.258823716923588	168.561026968537	0.832080200501253	0.255384920634921	0.135987003559196	0.202327789503928
m1	45	Egg	2	2	0.1	0.871059244152674	0.275015805148375	187.638170081356	0.943181818181818	0.499634920634921	0.200312919918754	0.451675237186498
m2	45	Egg	2	2	0.1	1.00022645559239	0.360262595782795	153.706855818722	0.914102564102564	0.511472222222222	0.161030500607478	0.458092127003725
m3	45	Egg	2	2	1e-04	1.64094454966292	0.442732285391709	147.658921761508	0.893824404761905	0.234706349206349	0.135589740625967	0.177194064525699
m4	45	Egg	2	2	0.1	1.11592132958596	0.205027002517387	170.005902668704	0.94447619047619	0.459449855699856	0.187109681807172	0.410012970113141
m5	45	Egg	2	2	0.1	1.93711327618541	0.339717540583871	153.097061912498	0.791684704184704	0.16568759018759	0.117896160108579	0.114302854912848
m6	45	Egg	2	2	0.1	1.54045867506431	0.32069435472451	151.825541909706	0.863095238095238	0.314940476190476	0.166215187600181	0.256665307879267
m7	45	Egg	2	2	0.1	1.65839559293377	0.246796545834677	123.096811932221	0.84359410430839	0.260746031746032	0.167915383276262	0.2082732366952
m1	46	Egg	2	2	0.1	1.08388717943971	0.328494982786254	187.638170081084	0.933270676691729	0.454069264069264	0.1806496901042	0.399981107549684
m2	46	Egg	2	2	0.1	1.26793423106828	0.265311809284461	187.963955562884	0.917230576441103	0.425738095238095	0.179671597332008	0.371908886711242
m3	46	Egg	2	2	1e-04	1.50936437804302	0.422730245595569	168.140424841524	0.891335978835979	0.200875541125541	0.123229485154183	0.148086785835617
m4	46	Egg	2	2	0.1	1.2038540782594	0.310191647174868	170.03187502487	0.94724025974026	0.446876984126984	0.193390122729718	0.398723155648062
m5	46	Egg	2	2	0.1	2.13756534434401	0.259195958654993	118.017181632632	0.763035714285714	0.133281746031746	0.121534819960681	0.0925203778055519
m6	46	Egg	2	2	0.1	1.67333782609363	0.376054167331317	148.547610043544	0.845410052910053	0.292282828282828	0.151930621418516	0.234227530429322
m7	46	Egg	2	2	0.1	1.71609599293414	0.203025892614056	182.500735085672	0.838343253968254	0.289683621933622	0.159511876890864	0.234804630921289
m1	47	Egg	2	2	0.1	1.3451914913928	0.319133144899095	220.07123246414	0.926715309779826	0.410458874458874	0.160890903968403	0.352955155328711
m2	47	Egg	2	2	1e-04	1.12724068796327	0.729213813858261	185.879249197022	0.965327380952381	0.460880952380952	0.180948602703383	0.407748301872953
m3	47	Egg	2	2	0.1	1.77173545645	0.196957627833274	153.046291269288	0.893818681318681	0.149833333333333	0.121516790657509	0.0986892999205128
m4	47	Egg	2	2	0.1	1.57683505606757	0.345496448992018	202.242491693853	0.875680272108844	0.349611111111111	0.160856004357156	0.299573069865953
m5	47	Egg	2	2	0.1	2.33572929739497	0.227606873209111	156.89402126786	0.723571428571429	0.132222222222222	0.112019097463006	0.0894525955179604
m6	47	Egg	2	2	0.1	1.7402742287831	0.267418456862092	209.350446035454	0.864318783068783	0.24559126984127	0.143807563593114	0.194125850063545
m7	47	Egg	2	2	0.1	1.72230241100173	0.236594481365729	151.458641814229	0.870100732600733	0.254875901875902	0.140613538231588	0.202069962288697
m1	48	Egg	2	2	0.1	1.48480715865576	0.265663786997031	236.8231199143	0.854034391534392	0.406920634920635	0.181853492732037	0.353623087745597
m2	48	Egg	2	2	0.1	1.44806815177255	0.364324466060892	208.414020829969	0.855291005291005	0.467047619047619	0.191147156114535	0.416572709908105
m3	48	Egg	2	2	0.1	1.9088398493945	0.220979398214875	137.645006508148	0.832365079365079	0.183303391053391	0.136035483213241	0.130686238487334
m4	48	Egg	2	2	0.1	1.60714289000278	0.205322410696011	157.6605507967	0.870614035087719	0.401599206349206	0.159733804453201	0.34650179302421
m5	48	Egg	2	2	0.1	2.44991738943594	0.277174058404805	135.233663216144	0.67824302134647	0.0783968253968254	0.0929797499245268	0.035669997723995
m6	48	Egg	2	2	0.1	1.83097806607541	0.365136407523063	183.639556686538	0.794708994708995	0.277456349206349	0.147020004745627	0.221931879299752
m7	48	Egg	2	2	0.1	1.76177129761705	0.295142566904913	185.4622173358	0.817089093701997	0.299154761904762	0.1556281350832	0.245640651325832
m1	49	Egg	2	2	0.1	1.46054363974804	0.257576458557091	221.545177481643	0.905745341614907	0.417281746031746	0.165568316939195	0.363458895364143
m2	49	Egg	2	2	0.1	1.66697416807521	0.406090232946704	186.952444416775	0.808333333333333	0.386821428571429	0.162668144931867	0.326160630328383
m3	49	Egg	2	2	0.1	1.92626210145151	0.193073868683974	168.16505199484	0.856991685563114	0.165742784992785	0.133087242501911	0.114847778389892
m4	49	Egg	2	2	0.1	1.61283549173871	0.355235428715488	189.800217643251	0.852164502164502	0.36575468975469	0.178353100880099	0.313438067295468
m5	49	Egg	2	2	0.1	2.43748333262957	0.262805450963215	137.500908680348	0.716220238095238	0.0960119047619048	0.0987943887622503	0.0556379412507464
m6	49	Egg	2	2	0.1	2.09368187197561	0.350040371223998	182.454617511705	0.76797052154195	0.233825757575758	0.129828924445133	0.178955593676439
m7	49	Egg	2	2	0.1	2.03681328348396	0.317786410033954	185.579170400355	0.763244047619048	0.228369408369408	0.141580416246708	0.179398580212046
m1	50	Egg	2	2	1e-04	0.27934198103905	0.0963339589381376	210.793326820789	0.988928571428571	0.554988095238095	0.190397988922206	0.506459039898954
m2	50	Egg	2	2	0	0.184177286019425	0.0737688665434843	198.715913056834	0.986080586080586	0.612695887445887	0.194224009826104	0.56674219436666
m3	50	Egg	2	2	0	0.7584974957899	0.141574378817872	160.862609110397	0.952571428571429	0.355163780663781	0.147735981318255	0.298429456272015
m4	50	Egg	2	2	1e-04	0.382533563546077	0.236435482751478	216.621255762159	0.993310657596372	0.530156565656566	0.209448098877331	0.484550865330897
m5	50	Egg	2	2	0.1	1.75537095122581	0.283319698137097	149.330657085017	0.84781746031746	0.242069624819625	0.1324562997805	0.187386949926214
m6	50	Egg	2	2	0.1	1.26182433953711	0.295431901766952	144.728525031883	0.909937888198758	0.39393253968254	0.147696201903975	0.335934725709446
m7	50	Egg	2	2	0	0.807283857043015	0.14804143443028	132.655322848652	0.936028439153439	0.359773809523809	0.1664811267786	0.30975271640554
m1	51	Egg	2	2	0.1	1.624656187676	0.253103342139041	223.923248373089	0.853531746031746	0.354576118326118	0.146059336515612	0.297929329211305
m2	51	Egg	2	2	0.1	1.5264222650679	0.223189296556484	189.740915851229	0.876603174603175	0.351896825396825	0.167790229896341	0.297373075007798
m3	51	Egg	2	2	0.1	1.91363005652529	0.213963407650092	145.791944315773	0.840249433106576	0.13668253968254	0.126948577074468	0.0918992580001005
m4	51	Egg	2	2	0.1	1.7760350054542	0.283383241484588	224.487265776765	0.849498746867168	0.318992063492063	0.14271026221596	0.264153766394311
m5	51	Egg	2	2	0.1	2.54668872784083	0.317158562081202	134.187166911118	0.631587301587302	0.12622619047619	0.109744816191	0.0735271626454756
m6	51	Egg	2	2	0.1	1.89144773752435	0.323526540992421	210.820317182543	0.784264346764347	0.280813492063492	0.150289470194388	0.226486280479763
m7	51	Egg	2	2	0.1	1.79940501216806	0.243947055261928	154.231230542867	0.791712454212454	0.272611111111111	0.169754421992501	0.223264193908966
m1	52	Egg	2	2	0.1	1.53380952898894	0.279483311833735	219.35362605428	0.870676691729323	0.380008297258297	0.153101226233691	0.318754229003102
m2	52	Egg	2	2	0.1	1.68545777152517	0.368630738981579	208.77544986333	0.862215320910973	0.367767316017316	0.169047365036371	0.317550805654881
m3	52	Egg	2	2	0.1	2.09026837982701	0.249451877281824	127.457052634259	0.809007936507937	0.118857864357864	0.101550222568113	0.0720927881401155
m4	52	Egg	2	2	0.1	1.62259435335543	0.377933321546082	174.557614642226	0.847222222222222	0.347349206349206	0.16968733687085	0.291984686418681
m5	52	Egg	2	2	0.1	2.20552928818207	0.268800206579634	156.022812138904	0.762619047619048	0.137242063492063	0.124813630850168	0.0928767110153679
m6	52	Egg	2	2	0.1	1.80188193167058	0.284163047968501	166.686053064812	0.833809523809524	0.268377705627706	0.141547832147127	0.215355198777626
m7	52	Egg	2	2	0.1	1.90277903017354	0.28445320414237	154.081756117923	0.786755952380952	0.233829365079365	0.135665923598052	0.185029183986393
m1	53	Egg	2	2	0.1	1.64120548682929	0.377751068874969	222.940442054097	0.832539682539683	0.347011904761905	0.168609440978003	0.290860900550282
m2	53	Egg	2	2	0.1	1.78589018464446	0.365828757921235	190.410758825594	0.790773809523809	0.371056998556999	0.175707251436258	0.318924202390801
m3	53	Egg	2	2	0.1	2.05188064849949	0.313550761789825	156.336664616729	0.806111111111111	0.124234126984127	0.0978736727642338	0.0741880186025008
m4	53	Egg	2	2	0.1	1.86220164495943	0.224403713633251	174.688857570732	0.794695767195767	0.325119769119769	0.156208330453862	0.268293271567501
m5	53	Egg	2	2	0.1	2.55801376368995	0.206274836146505	160.41825101152	0.654348544973545	0.0794166666666667	0.0949151882349153	0.0397540121728522
m6	53	Egg	2	2	0.1	2.08340961747275	0.280504878462909	182.745671102667	0.733994708994709	0.265261544011544	0.124410187283205	0.214604073788327
m7	53	Egg	2	2	0.1	2.07687914362217	0.331752043095921	154.691101087651	0.748695054945055	0.2577113997114	0.143677139278402	0.206294421905484
m1	54	Egg	2	2	0.1	1.00731264832864	0.325110256759173	234.281467174309	0.960833333333333	0.454706349206349	0.216390546943443	0.405560751469058
m2	54	Egg	2	2	0.1	1.39011188898315	0.258152668393749	203.94209643386	0.917186644772852	0.393222943722944	0.17165211133584	0.338783589403556
m3	54	Egg	2	2	0.1	1.95780297334039	0.239686319144926	142.822904555593	0.846844293272865	0.131484126984127	0.117873832554076	0.0887401717148309
m4	54	Egg	2	2	0.1	1.25105088362067	0.317607389865234	218.94215550563	0.936607142857143	0.449487373737374	0.183322720009403	0.401939326566216
m5	54	Egg	2	2	0.1	2.00839933222082	0.328014558077601	132.212846986517	0.831730769230769	0.174527777777778	0.151058640096859	0.128421180157054
m6	54	Egg	2	2	0.1	1.37322012522983	0.21747499339069	178.211176958175	0.895039682539683	0.330012626262626	0.142041788714592	0.278255901870797
m7	54	Egg	2	2	0.1	1.86918628396528	0.29662036447231	152.505138128158	0.809753550543024	0.24722619047619	0.135466133743398	0.195135446979822
m1	55	Egg	2	2	0.1	1.37182026111188	0.299454336036104	223.638170083483	0.882199546485261	0.362541486291486	0.174001114906813	0.309952456420239
m2	55	Egg	2	2	0.1	1.44071329142054	0.180730923626543	189.364262546141	0.902819548872181	0.376125541125541	0.164904702324486	0.320811497762823
m3	55	Egg	2	2	0.1	1.80210439293766	0.223363594628256	142.822904290967	0.833857142857143	0.167814935064935	0.121701260454538	0.11565777305829
m4	55	Egg	2	2	0.1	1.61749827521057	0.332230692132542	222.888700762682	0.841770186335404	0.367769841269841	0.162585647246533	0.31375736279633
m5	55	Egg	2	2	0.1	2.27345833739126	0.304365505624153	134.04872393977	0.700595238095238	0.124164862914863	0.108091081830391	0.0736106857525362
m6	55	Egg	2	2	0.1	1.71241235938932	0.332575456935598	183.501113783586	0.847845804988662	0.26875	0.129815618542369	0.210204137890594
m7	55	Egg	2	2	0.1	1.80510614889168	0.316936370385425	154.23123044547	0.817321428571429	0.24856746031746	0.143441664154083	0.198037542009801
m1	56	Egg	2	2	0.1	1.04179141608707	0.263345230572719	189.364262529713	0.921031746031746	0.490001082251082	0.186287549327547	0.436420364420666
m2	56	Egg	2	2	0.1	1.08569879922538	0.275303992769002	189.364262511321	0.924074074074074	0.422531746031746	0.18648527165033	0.370571652854039
m3	56	Egg	2	2	0.1	1.72328999257367	0.236355251459433	141.096812925082	0.871365914786967	0.176019841269841	0.120700582207315	0.125905890162889
m4	56	Egg	2	2	0.1	1.19097461727418	0.301150495668076	175.183347540363	0.918105158730159	0.394134920634921	0.184693564951062	0.339413448116439
m5	56	Egg	2	2	0.1	1.81610349176313	0.204547094213271	152.262303566558	0.874095238095238	0.168440476190476	0.132164304882079	0.122415573837218
m6	56	Egg	2	2	0.1	1.34895727692078	0.342345918036783	162.728525042109	0.894097222222222	0.3555	0.167917688344368	0.301400077682545
m7	56	Egg	2	2	0.1	1.56749103719673	0.277980511806317	149.732549323469	0.845734126984127	0.327147907647908	0.158839194716677	0.274977067203074
m1	57	Egg	2	2	0.1	1.03314169006734	0.268802003782782	202.054129319829	0.966190476190476	0.479924603174603	0.190920439987306	0.432732377545685
m2	57	Egg	2	2	0.1	1.16767701584215	0.232735081429006	167.545177482739	0.937268518518519	0.470230158730159	0.188850460350727	0.417644279756711
m3	57	Egg	2	2	0.1	1.66850157968855	0.26513558976547	136.092787545695	0.908333333333333	0.203998556998557	0.123665809556301	0.150616557690502
m4	57	Egg	2	2	0.1	1.1205013013188	0.272811662137218	184.192208741466	0.943633540372671	0.474291847041847	0.201217192428693	0.427535313434953
m5	57	Egg	2	2	0.1	1.95294137981119	0.184616257182009	127.063455593594	0.828497023809524	0.194547619047619	0.120182152292245	0.144862978531757
m6	57	Egg	2	2	0.1	1.53694863906917	0.367995674466929	162.728525082942	0.883452380952381	0.323857142857143	0.145858263660556	0.266775233164505
m7	57	Egg	2	2	0.1	1.6361400368499	0.207224300917335	167.95170926803	0.885660173160173	0.249121572871573	0.13752225823048	0.193063083295654
m1	58	Egg	2	2	0.1	1.60788147554661	0.304478473460688	208.410758829685	0.82218045112782	0.396091630591631	0.16211269308346	0.34063911421449
m2	58	Egg	2	2	0.1	1.44395803135486	0.287047011238885	190.821797919052	0.858446712018141	0.428632395382395	0.193819068649748	0.37642394065944
m3	58	Egg	2	2	0.1	1.84936513247275	0.226028970347565	127.653501609702	0.82984693877551	0.193318903318903	0.132308122309688	0.145572931146365
m4	58	Egg	2	2	0.1	1.58533610871048	0.316925964537372	176.612664334023	0.84	0.371262626262626	0.178305427481815	0.318833182073562
m5	58	Egg	2	2	0.1	2.23648531609163	0.313178665414946	155.860118884154	0.71171679197995	0.144433621933622	0.122516877948546	0.103556474816119
m6	58	Egg	2	2	0.1	1.714897950909	0.311528464522071	164.821517696914	0.744859307359307	0.334234487734488	0.188803626013218	0.28074381719557
m7	58	Egg	2	2	0.1	1.84951506469367	0.332700581864304	150.779045619481	0.746031746031746	0.302493145743146	0.171119424173948	0.252005676297372
m1	59	Egg	2	2	0.1	0.900955049707115	0.241418093964573	220.062050583366	0.965857142857143	0.509162698412698	0.190213773384966	0.458544373952304
m2	59	Egg	2	2	1e-04	0.993044298384766	0.680269749487156	203.906739151945	0.950023342670401	0.50031240981241	0.177178160801536	0.446756945363229
m3	59	Egg	2	2	0.1	1.62704636390825	0.226548592574222	143.019355532156	0.869196428571429	0.172071428571429	0.140394672796675	0.129714819957917
m4	59	Egg	2	2	0.1	1.13939320938068	0.238645376965512	202.211049077296	0.948759920634921	0.46082683982684	0.176930239471309	0.410756378856126
m5	59	Egg	2	2	0.1	1.99388223511201	0.237213549915055	113.749635358034	0.829140786749482	0.146242784992785	0.121411406916241	0.10060704757627
m6	59	Egg	2	2	0.1	1.2748859785417	0.248757249355866	162.728525215367	0.918809523809524	0.334793650793651	0.141696028680772	0.277595231084036
m7	59	Egg	2	2	1e-04	1.30737380552816	0.606712248931714	180.148761744454	0.911904761904762	0.358662698412698	0.158113622004064	0.298759313322411
m1	60	Egg	2	2	0	0.156021905190626	0.0901993923352813	192.307743018614	0.99077964519141	0.554940476190476	0.225040623164649	0.507669018576273
m2	60	Egg	2	2	0	0.18817283177995	0.0942521932728339	198.715913056834	0.989667277167277	0.604309523809524	0.200980886092847	0.558498933846015
m3	60	Egg	2	2	0	0.745706369622003	0.128564009281252	160.862609110397	0.953174603174603	0.328742063492063	0.149011190964777	0.278477006316746
m4	60	Egg	2	2	0	0.180007205733462	0.0931061603707208	198.081625723269	0.99037999037999	0.64016810966811	0.210621242119988	0.598323550766785
m5	60	Egg	2	2	0	1.05523382376597	0.152286460842297	122.175715489477	0.921669501133787	0.238103174603175	0.142402419051072	0.18026620562048
m6	60	Egg	2	2	0	0.482552084786504	0.133287340453285	142.834259821813	0.970758928571429	0.44390873015873	0.15183536763	0.382223267445549
m7	60	Egg	2	2	0	0.802548524157774	0.202683761566918	132.655322848652	0.95297619047619	0.309869047619048	0.15328633537751	0.257873965840909
m1	61	Egg	2	2	0.1	0.819823213644314	0.189946373153983	201.819085035039	0.926942355889724	0.541246031746032	0.196240002578788	0.495302924212304
m2	61	Egg	2	2	1e-04	0.763656457975542	0.530584602434278	171.364262546183	0.955834803057025	0.532374458874459	0.194722289483295	0.48497132510277
m3	61	Egg	2	2	1e-04	1.38105070909438	0.502829585371998	137.277727048798	0.884761904761905	0.320801587301587	0.157874509348426	0.263600860089714
m4	61	Egg	2	2	0.1	0.923159446881265	0.223774046146637	215.720855207316	0.959391534391534	0.511981962481962	0.18775370183005	0.463645901844289
m5	61	Egg	2	2	0.1	1.75729319946219	0.272052391207441	150.947794432097	0.837267080745342	0.23902380952381	0.150031938382623	0.186667595734588
m6	61	Egg	2	2	0.1	1.15100515589068	0.234303571553114	159.276340136525	0.871485260770975	0.49049025974026	0.186756056908131	0.443962343217708
m7	61	Egg	2	2	0.1	1.54808141036259	0.216855855500574	134.366695188139	0.846949404761905	0.33056746031746	0.16611013856459	0.276091293411796
m1	62	Egg	2	2	0.1	1.31437491835303	0.325515687018002	219.819085037661	0.927529761904762	0.382289682539683	0.178537182106159	0.328640239168674
m2	62	Egg	2	2	0.1	1.0848509181517	0.256201375049127	202.151507113936	0.954818594104308	0.486104978354978	0.1769238364237	0.430551206808335
m3	62	Egg	2	2	0.1	1.63041612684642	0.241805216745328	136.092787582098	0.891477702191988	0.204137085137085	0.131773979668691	0.151146688300161
m4	62	Egg	2	2	0.1	1.36796216454748	0.254128161521965	187.638170095745	0.91468253968254	0.37965873015873	0.182102036691258	0.328322393198718
m5	62	Egg	2	2	0.1	2.20052763340926	0.2514068343013	155.517949072321	0.764037698412698	0.175297619047619	0.126776593265149	0.128483213501429
m6	62	Egg	2	2	0.1	1.76225069428443	0.28423736997	162.728525074297	0.780045351473923	0.338293650793651	0.143220865111735	0.279473833409767
m7	62	Egg	2	2	0.1	1.71613335281109	0.302660180084434	148.686053002824	0.817210884353742	0.343445887445887	0.157124473552755	0.290706124067022
m1	63	Egg	2	2	0.1	1.27857912214166	0.326622229018201	221.855731471849	0.925238095238095	0.349190476190476	0.161331477404103	0.293314081743407
m2	63	Egg	2	2	0.1	1.42926100577372	0.298301003766711	203.964314980972	0.894543650793651	0.407190476190476	0.162928233916807	0.351815339345132
m3	63	Egg	2	2	0.1	1.97411301371766	0.233087397908093	145.791944085431	0.819616977225673	0.13393253968254	0.115023130883994	0.0864006175382207
m4	63	Egg	2	2	0.1	1.37185889201756	0.248630621793366	189.782516607412	0.866666666666667	0.370870490620491	0.185275946634672	0.317810480605751
m5	63	Egg	2	2	0.1	2.0483689314545	0.313266377920832	131.611029054227	0.75537518037518	0.160611111111111	0.14085830416805	0.112404825685545
m6	63	Egg	2	2	0.1	1.66549706762104	0.39624537136962	166.547610047211	0.845326278659612	0.276111111111111	0.146747386856958	0.223038895995101
m7	63	Egg	2	2	0.1	1.89909535360539	0.276661178111567	185.216313904466	0.785841836734694	0.242964285714286	0.142038800071139	0.190432950132525
m1	64	Egg	2	2	0.1	1.11078375903603	0.30432961103559	220.084049783572	0.949242424242424	0.436452380952381	0.180262264015377	0.382771711952885
m2	64	Egg	2	2	0.1	1.32501863196606	0.253708233311261	203.926722797665	0.927639751552795	0.398008658008658	0.155017927592115	0.336730317144609
m3	64	Egg	2	2	0.1	1.95792302649206	0.243584524731628	145.791944371604	0.801515151515152	0.108675685425685	0.109481545972468	0.0650559989175115
m4	64	Egg	2	2	0.1	1.46742479150077	0.275965341509741	205.066194922965	0.892261904761905	0.365825396825397	0.162406385503431	0.310278759996524
m5	64	Egg	2	2	0.1	1.9447736343824	0.265942024511927	139.117636250364	0.840550595238095	0.141949134199134	0.116101972480842	0.0974868071270855
m6	64	Egg	2	2	0.1	1.4042696962951	0.238011818881619	163.775021358857	0.887042788129745	0.334059523809524	0.150020009123181	0.280324505953003
m7	64	Egg	2	2	0.1	1.57165643500611	0.272139594846175	147.501113842059	0.851904761904762	0.32931746031746	0.158750763052636	0.276431911083545
m1	65	Egg	2	2	1e-04	0.936153909267952	0.493278955131708	185.764892018352	0.985515873015873	0.512824314574315	0.175954691283689	0.461018388285876
m2	65	Egg	2	2	0.1	1.25454391771816	0.244513228147257	205.651091788312	0.938822751322751	0.446141774891775	0.167034978421744	0.391724534080305
m3	65	Egg	2	2	0.1	1.83045002909755	0.20647960340786	128.042733799725	0.828674948240166	0.196904761904762	0.122480850739432	0.141867420564267
m4	65	Egg	2	2	0.1	1.14289003755981	0.241599258974118	153.740313604817	0.91494708994709	0.510343434343434	0.195145449171934	0.463812077340026
m5	65	Egg	2	2	0.1	1.86321512953177	0.227604249265098	127.653501052347	0.844642857142857	0.198619047619048	0.115611622887732	0.145911780153953
m6	65	Egg	2	2	1e-04	0.962649465064877	0.220090728300299	173.337430280734	0.97296626984127	0.429831168831169	0.159585580419117	0.373429687997499
m7	65	Egg	2	2	1e-04	1.13129594886787	0.661014701208133	147.639556692737	0.933154761904762	0.378740981240981	0.134515869617415	0.321934001584542
m1	66	Egg	2	2	0.1	1.15594781471873	0.296087056987579	189.671983982208	0.913265306122449	0.445365079365079	0.180655677909877	0.394037113524742
m2	66	Egg	2	2	0.1	1.18064934688601	0.25400723797638	171.823238405844	0.928246753246753	0.440876984126984	0.220105187743928	0.393372241670842
m3	66	Egg	2	2	0.1	1.82623721449024	0.189584836432327	152.432694738457	0.872400793650794	0.170457431457431	0.122964120134649	0.119283587114648
m4	66	Egg	2	2	0.1	1.22168778004432	0.283631662451225	175.541724894108	0.928734827264239	0.435206349206349	0.178057837309524	0.383255479428348
m5	66	Egg	2	2	0.1	1.65218180686267	0.204290770753174	123.776408047747	0.885014005602241	0.188952380952381	0.12218827313676	0.140614290133682
m6	66	Egg	2	2	0.1	1.44963846421325	0.366432226786754	149.227206188986	0.855429292929293	0.320465367965368	0.163200775451153	0.26405087043518
m7	66	Egg	2	2	0.1	1.79833867665919	0.191155543643684	138.865376361484	0.815956558061821	0.24009126984127	0.150679269115276	0.188693281511278
m1	67	Egg	2	2	0.1	1.16988883109865	0.257021186200276	203.803154274011	0.945634920634921	0.419489898989899	0.185937453250822	0.363486400572204
m2	67	Egg	2	2	0.1	1.18753009015299	0.281276285215118	185.941107099812	0.922294372294372	0.46112012987013	0.179538785637934	0.409033412763618
m3	67	Egg	2	2	0.1	2.00783694017044	0.243130819975563	128.838440511155	0.790942028985507	0.175670634920635	0.127708455754461	0.125226008283515
m4	67	Egg	2	2	0.1	1.37109588377544	0.385612375175342	167.545177474544	0.905045351473923	0.387525974025974	0.174530712978889	0.33161049013907
m5	67	Egg	2	2	0.1	2.02804039774747	0.24434646731261	124.961347211773	0.820023148148148	0.184091630591631	0.116594627195802	0.124733999503985
m6	67	Egg	2	2	0.1	1.60301331070532	0.227624423222449	191.516136723	0.890759637188209	0.277714285714286	0.157466740366657	0.225989142594755
m7	67	Egg	2	2	0.1	1.54313814842665	0.198251079856985	151.458641746214	0.900037792894936	0.262952380952381	0.157400733081081	0.209535975587803
m1	68	Egg	2	2	0.1	0.946189675905029	0.230194103158058	219.819085037237	0.935526315789474	0.456678571428571	0.180914816954727	0.40225287692705
m2	68	Egg	2	2	1e-04	0.744865324337831	0.355196945975339	185.976131252639	0.993037518037518	0.521112914862915	0.203092365885278	0.472317912655162
m3	68	Egg	2	2	0	1.08204617658651	0.142280496802179	148.848309516912	0.918948412698413	0.244003968253968	0.138298510400359	0.197159806464396
m4	68	Egg	2	2	0.1	1.16509844734544	0.173446605227271	169.638170074919	0.919400352733686	0.469615079365079	0.192775542361782	0.421143442043537
m5	68	Egg	2	2	0.1	2.08726741971164	0.327087715971502	129.550043837609	0.739271017048795	0.228060606060606	0.144199055219665	0.174347963662314
m6	68	Egg	2	2	0.1	1.57827447149423	0.331487333444556	188.990095656006	0.797916666666667	0.351115079365079	0.167186916543145	0.295871248849672
m7	68	Egg	2	2	0.1	1.47089794023009	0.223121684589346	165.480460984599	0.883897243107769	0.34102380952381	0.174160163020185	0.288232978201985
m1	69	Egg	2	2	0.1	0.926282559148107	0.202315033721976	187.909250511097	0.961706349206349	0.497974025974026	0.197861445056306	0.447311462163881
m2	69	Egg	2	2	0.1	1.14605084280322	0.290426739912012	205.734036672264	0.924436090225564	0.499520923520924	0.206015522968508	0.453350853589324
m3	69	Egg	2	2	0	1.19367162858862	0.124530758087984	134.351028152742	0.909803921568627	0.173333333333333	0.124409615606133	0.123100788302927
m4	69	Egg	2	2	0.1	1.12251593337549	0.216530485322072	152.064922485518	0.954824561403509	0.483931096681097	0.178027023728631	0.436161296830205
m5	69	Egg	2	2	0.1	1.751664645057	0.219155076505265	126.214684899494	0.840746753246753	0.22840873015873	0.155440550400111	0.176357252487711
m6	69	Egg	2	2	0.1	1.37006185342869	0.320668443098955	163.913464284493	0.87724358974359	0.343628066378066	0.178906772355059	0.288604742077337
m7	69	Egg	2	2	0.1	1.84425248630878	0.334807582450119	153.551634312773	0.797536945812808	0.269468253968254	0.182339241192574	0.222938740290751
m1	70	Egg	2	2	0.1	1.07295686838123	0.276382323750511	203.789757196014	0.959107142857143	0.467866522366522	0.179459218679529	0.417376994222249
m2	70	Egg	2	2	0.1	1.17286379100013	0.268891740445404	185.941145618897	0.906878306878307	0.453797619047619	0.176359190245023	0.397529273007153
m3	70	Egg	2	2	0.1	1.81357668308042	0.28504787427216	128.838440511155	0.83796992481203	0.151683261183261	0.108741274874599	0.108693510902811
m4	70	Egg	2	2	0.1	1.15645398657699	0.244425424466833	167.927630222664	0.938916256157636	0.472650793650794	0.18510461450722	0.420589202561272
m5	70	Egg	2	2	0.1	1.80293253465211	0.19829190970496	125.143507486781	0.893628747795414	0.171981601731602	0.130964253048695	0.119651724944455
m6	70	Egg	2	2	1e-04	1.3051726671163	0.370131987166374	164.454617628754	0.944372294372294	0.3161056998557	0.170079936407107	0.259967519569926
m7	70	Egg	2	2	0.1	1.64508428064568	0.245735703124163	183.875484989094	0.886238095238095	0.246445887445887	0.150964185525167	0.198180260601749
m1	71	Egg	2	2	0.1	1.67633999575375	0.33944207062418	255.113342103495	0.848206937095826	0.386718253968254	0.177133194622336	0.331172262310938
m2	71	Egg	2	2	0.1	1.58607372665315	0.376747088986857	220.251705984746	0.868690476190476	0.353527777777778	0.176769846855923	0.300358076063881
m3	71	Egg	2	2	0.1	1.93508201760168	0.280571156606555	142.822905362185	0.813035714285714	0.149441558441558	0.130215976910839	0.0973476831422116
m4	71	Egg	2	2	0.1	1.79041401320452	0.346530365144936	192.13685127381	0.827106227106227	0.330937950937951	0.17519503085741	0.276190367310092
m5	71	Egg	2	2	0.1	2.6620811468721	0.260115106769644	160.851707344369	0.606273620559335	0.0605515873015873	0.0783773735756343	0.0273030166567868
m6	71	Egg	2	2	0.1	2.25415841521784	0.423102873044024	184.547610050194	0.697559523809524	0.241768731268731	0.140807233548295	0.186025781353216
m7	71	Egg	2	2	0.1	1.98470406317034	0.335949629313291	186.735346307573	0.751842403628118	0.228512626262626	0.158126306137227	0.175370980441019
m1	72	Egg	2	2	0.1	0.917940537377728	0.206673595550112	187.638170072154	0.915079365079365	0.497861111111111	0.190312545736563	0.449694289168991
m2	72	Egg	2	2	1e-04	0.649529352473843	0.500922472616697	153.364262519394	0.964102564102564	0.523821428571429	0.187330496519953	0.47309493056359
m3	72	Egg	2	2	1e-04	1.57737794740819	0.472324415040116	147.658921761508	0.872981366459627	0.21640873015873	0.133209809483279	0.161239949649068
m4	72	Egg	2	2	0.1	1.03500044341075	0.211309386243416	169.992843555185	0.936027568922306	0.492746031746032	0.195920804431371	0.444807605019245
m5	72	Egg	2	2	0.1	1.75636833456839	0.230941617349976	151.628945490712	0.840327380952381	0.234777777777778	0.136559085893919	0.180137561208294
m6	72	Egg	2	2	0.1	1.32108436259639	0.216293825965577	149.732549327439	0.898809523809524	0.365520923520924	0.153602462433393	0.31048754816459
m7	72	Egg	2	2	0.1	1.64471370491068	0.231245177997325	123.096811932221	0.870684523809524	0.25291810966811	0.130932274168368	0.200765049326826
m1	73	Egg	2	2	1e-04	0.451976174988927	0.497912315507096	211.252703421601	0.988117283950617	0.556218253968254	0.180873489652944	0.505459034829182
m2	73	Egg	2	2	0	0.180799380600319	0.114983967532526	182.342859724272	0.991005291005291	0.588988095238095	0.192610458941349	0.540834128838994
m3	73	Egg	2	2	0	0.95484513553333	0.138017722532025	146.525694283113	0.928246753246753	0.254420634920635	0.135737068269732	0.195770626896477
m4	73	Egg	2	2	1e-04	0.871714897125306	0.651919687666997	166.172164049163	0.973268398268398	0.523357864357864	0.202289923131098	0.474938976261501
m5	73	Egg	2	2	0.1	2.00918618970677	0.205281847834606	124.28175107654	0.785069444444444	0.203428571428571	0.125994072631465	0.147537968188221
m6	73	Egg	2	2	0.1	1.46464945057071	0.287040005586767	148.54761014197	0.894461697722567	0.305477633477633	0.15957860295013	0.248640743926719
m7	73	Egg	2	2	0	1.02076882191295	0.154829333762294	120.183808714865	0.928933747412008	0.239107142857143	0.140582681018959	0.182306044354895
m1	74	Egg	2	2	0.1	1.34499219274914	0.301992964130275	219.819085037937	0.908798576902025	0.452047619047619	0.176244731335666	0.39770621803182
m2	74	Egg	2	2	0.1	1.23033687884354	0.316529456219092	184.172177303477	0.923941798941799	0.442415945165945	0.192381219743676	0.392510458069765
m3	74	Egg	2	2	0.1	1.97651791469509	0.245540236289044	140.787919837485	0.849675324675325	0.170748196248196	0.126876660348411	0.119332048765647
m4	74	Egg	2	2	0.1	1.78530150750068	0.36737055034671	224.461236946511	0.844126984126984	0.293524531024531	0.156552864921446	0.247099301805247
m5	74	Egg	2	2	0.1	2.57967895436498	0.289906032446624	160.170827158988	0.636860670194003	0.0812936507936508	0.0988755269689139	0.0384226189988622
m6	74	Egg	2	2	0.1	1.82602370976719	0.344210342631606	181.775021354519	0.793227155727156	0.319892857142857	0.156130942002267	0.260646184782192
m7	74	Egg	2	2	0.1	1.72033625023368	0.313048495227715	149.732549327166	0.821031746031746	0.308724386724387	0.169258399833697	0.257328700084609
m1	75	Egg	2	2	0.1	1.54232772185053	0.306529442438344	205.638170094124	0.834722222222222	0.387330808080808	0.155503259198662	0.330886817259963
m2	75	Egg	2	2	0.1	1.16528328475366	0.263929526804359	171.729482163856	0.927587991718427	0.473821428571429	0.18780016091553	0.421389342956203
m3	75	Egg	2	2	0.1	1.83614445535651	0.241835819378214	128.838440511155	0.828571428571429	0.188781746031746	0.136204011539927	0.139507643675889
m4	75	Egg	2	2	0.1	1.638434460034	0.456295511540093	172.854679301851	0.812791783380019	0.342712481962482	0.188832192603115	0.289891255453189
m5	75	Egg	2	2	0.1	2.3531789833616	0.363543230917355	131.011867732329	0.693138227513228	0.133242063492063	0.109020680145395	0.0815910092923362
m6	75	Egg	2	2	0.1	1.68644120487003	0.294694624236026	168.779045662256	0.839652014652015	0.281198412698413	0.136710635616706	0.224801361492247
m7	75	Egg	2	2	0.1	1.59111163230466	0.158419542953734	167.128837672834	0.857331821617536	0.290387085137085	0.152441746090798	0.236513245828941
m1	76	Egg	2	2	0.1	1.09434223900528	0.256352225805048	203.786287086753	0.959368530020704	0.420206349206349	0.176271867083804	0.365733840086037
m2	76	Egg	2	2	0.1	1.3633411616148	0.374252012670082	185.897851167443	0.917233560090703	0.41940873015873	0.181699353083014	0.363647944043067
m3	76	Egg	2	2	0.1	1.88920774870409	0.231476059323935	141.287590197768	0.860027472527473	0.151699855699856	0.133169263851992	0.105260555496914
m4	76	Egg	2	2	0.1	1.28578139069286	0.221236124693435	185.942163306248	0.921587301587302	0.377628787878788	0.191064447420959	0.325573744501461
m5	76	Egg	2	2	0.1	2.01299018973967	0.235919599440105	128.788831398093	0.828095238095238	0.155472222222222	0.108342403762287	0.106234153633398
m6	76	Egg	2	2	0.1	1.5675471199502	0.187576686481417	164.677702070952	0.903260869565217	0.262714285714286	0.129266726069072	0.207797412204769
m7	76	Egg	2	2	0.1	1.83307575519221	0.308755757558199	151.458641814229	0.832993197278912	0.225507936507936	0.130821657025302	0.177626043475332
m1	77	Egg	2	2	0.1	1.9049425343722	0.280386454285651	237.171593220164	0.810109599395314	0.291568542568543	0.155746952372967	0.235168259579791
m2	77	Egg	2	2	0.1	1.69681253844106	0.320302863287596	201.819085040278	0.853505291005291	0.367956349206349	0.170950051997616	0.311251915050121
m3	77	Egg	2	2	0.1	2.0255707888007	0.289406603582342	154.429135177012	0.825226757369614	0.141837301587302	0.12417195668817	0.0882826055352627
m4	77	Egg	2	2	0.1	2.14218025098834	0.35713932449217	174.690956012767	0.754274891774892	0.273706349206349	0.152462095641037	0.21622408860213
m5	77	Egg	2	2	0.1	2.66740905529481	0.239968055801399	139.790352227868	0.560544217687075	0.0817063492063492	0.0955328781264236	0.0425277653500688
m6	77	Egg	2	2	0.1	2.0572123393359	0.394475847389946	184.547610059515	0.742083333333333	0.222393217893218	0.136808988734402	0.169716918873546
m7	77	Egg	2	2	0.1	2.05666341082165	0.330149524160597	153.551634302716	0.727611367127496	0.238884920634921	0.149084764908052	0.184678127728003
m1	78	Egg	2	2	0.1	1.25859372250403	0.412043314798745	189.364262545626	0.899436090225564	0.436097041847042	0.167509578090706	0.383610857754226
m2	78	Egg	2	2	0.1	1.22775505033709	0.257912644902014	171.364262504677	0.915269151138716	0.447329365079365	0.196559720568188	0.395847550453934
m3	78	Egg	2	2	0.1	1.81166380609399	0.320692277879471	128.838440395188	0.84021164021164	0.187206349206349	0.12398413746297	0.139253079772629
m4	78	Egg	2	2	0.1	1.24248865055326	0.403894803104129	171.742382337551	0.908134920634921	0.438741341991342	0.18775210143021	0.388920587681577
m5	78	Egg	2	2	0.1	1.81036556919495	0.207974008023662	127.940424898112	0.859989648033126	0.169315656565657	0.143329201176542	0.11737866753972
m6	78	Egg	2	2	0.1	1.49302311194709	0.228786555601088	151.45864181253	0.875963718820862	0.26215873015873	0.146970486749743	0.209327124977839
m7	78	Egg	2	2	0.1	1.54210695640731	0.195044326163016	167.128837672834	0.85965873015873	0.274448412698413	0.159728411572673	0.218331821129822
m1	79	Egg	2	2	0.1	0.911373567597776	0.251351716854639	202.084088816284	0.935846560846561	0.527645743145743	0.207047519326057	0.480652530664905
m2	79	Egg	2	2	0.1	1.19547298050247	0.26031372832616	189.36426253174	0.935403726708075	0.44547619047619	0.189550184831047	0.390714167244777
m3	79	Egg	2	2	0.1	1.84655869067338	0.178422185693149	146.275089250814	0.866121031746032	0.115440836940837	0.1040302801055	0.0743047016204467
m4	79	Egg	2	2	0.1	1.21950470931469	0.244131181704055	171.364262526527	0.930511463844797	0.466144660894661	0.167621518377967	0.415815853809115
m5	79	Egg	2	2	0.1	1.90771318618989	0.208587913693231	138.272781635037	0.820859213250518	0.165825396825397	0.107485560507893	0.11592187058395
m6	79	Egg	2	2	0.1	1.23873970892438	0.293969895334274	161.682028766424	0.904197994987469	0.420522005772006	0.170686917376981	0.367423638912517
m7	79	Egg	2	2	0.1	1.53666790235841	0.178438941918981	149.227206245216	0.857422438672439	0.326914502164502	0.165694898982189	0.272989535340962
m1	80	Egg	2	2	1e-04	0.638370173251812	0.558640503652019	246.834513373032	0.980257936507936	0.568387085137085	0.191702986279805	0.521337497373625
m2	80	Egg	2	2	1e-04	0.334153759442287	0.272401390537764	185.84865034651	0.989285714285714	0.564291486291486	0.192956160349776	0.516429270956274
m3	80	Egg	2	2	0.1	1.7234211725413	0.224359662713965	123.834416071546	0.86921768707483	0.200047619047619	0.129176368879956	0.148659561859684
m4	80	Egg	2	2	0.1	1.44477613755452	0.204661495187917	204.863334705703	0.912641723356009	0.367781746031746	0.148431685303057	0.31324214614061
m5	80	Egg	2	2	0.1	2.09539108708889	0.215132371189592	155.335120758873	0.777777777777778	0.154326118326118	0.114073805733215	0.112847749722666
m6	80	Egg	2	2	1e-04	1.09783001437682	0.680588387395698	202.637181730222	0.942936507936508	0.42687481962482	0.176086695349234	0.371790358656985
m7	80	Egg	2	2	0	0.536748891877584	0.122150224500195	143.003401680141	0.96557067271353	0.424563492063492	0.166051238397702	0.36754323466004
m1	81	Egg	2	2	0.1	1.1649518402896	0.257188130526412	189.692225214482	0.927306547619048	0.439527777777778	0.173348712764391	0.384727089386257
m2	81	Egg	2	2	0.1	1.30701486288058	0.280456654488549	207.649973219725	0.908150183150183	0.4814613997114	0.189733891322274	0.431922964860078
m3	81	Egg	2	2	0.1	1.9742412505272	0.239548617631321	113.472586744023	0.846218487394958	0.155936507936508	0.118715290511613	0.11000834404362
m4	81	Egg	2	2	0.1	1.28507928451794	0.277103678710879	157.579149553268	0.902623456790123	0.456436507936508	0.1746335221852	0.400934798936136
m5	81	Egg	2	2	0.1	1.85341997089826	0.20545346298291	153.198976026758	0.852222222222222	0.171881673881674	0.123713499179257	0.120827172747249
m6	81	Egg	2	2	0.1	1.48024014207374	0.323417517833213	151.458641980388	0.895588235294118	0.256365079365079	0.156683889387173	0.205326585250857
m7	81	Egg	2	2	0.1	1.63471227220217	0.221465156597019	138.863237297035	0.83859126984127	0.279549062049062	0.149369657245234	0.223610599160202
m1	82	Egg	2	2	0.1	1.01426142385206	0.313338290591592	234.276572307396	0.953571428571429	0.471007936507936	0.195958225667199	0.419718167120826
m2	82	Egg	2	2	0.1	1.41106438048256	0.254546091523191	203.937260788594	0.909619047619048	0.392503968253968	0.167262784596769	0.336012329592951
m3	82	Egg	2	2	0.1	1.82623453091855	0.230469993092998	158.050315502132	0.846075837742504	0.151631673881674	0.130577949270145	0.102869263478408
m4	82	Egg	2	2	0.1	1.19912182550232	0.260173147254309	198.434927363213	0.93531746031746	0.459111111111111	0.192919080033021	0.412456731035675
m5	82	Egg	2	2	0.1	1.88812360970362	0.140301019325383	132.212846953134	0.80609243697479	0.178080447330447	0.119895637259516	0.13502941296137
m6	82	Egg	2	2	0.1	1.42967141062363	0.298940357084391	178.211176963797	0.896708683473389	0.35394227994228	0.16992804991448	0.304298956292121
m7	82	Egg	2	2	0.1	1.74422952490626	0.192219815145569	184.661442581798	0.827709359605911	0.256588023088023	0.141894052486015	0.204164484804379
m1	83	Egg	2	2	1e-04	0.982065962358815	0.445081777858688	203.774903982628	0.983918128654971	0.487615079365079	0.171606787591288	0.429974654898074
m2	83	Egg	2	2	1e-04	0.661009037068712	0.516692488161664	218.497082557355	0.984090909090909	0.511788239538239	0.198687056371085	0.464260243226173
m3	83	Egg	2	2	1e-04	1.70088340166563	0.4864961768613	141.746135654404	0.908068783068783	0.180019841269841	0.118918084289039	0.133779201821598
m4	83	Egg	2	2	1e-04	0.929525687511487	0.547932488364708	185.923115786705	0.974350649350649	0.513676406926407	0.161797283002446	0.457401880287512
m5	83	Egg	2	2	0.1	1.95391802941358	0.236356372368753	129.121046426721	0.799464285714286	0.161234126984127	0.105434945623785	0.111464294166432
m6	83	Egg	2	2	0.1	1.41966382593034	0.296048995570045	162.728525093645	0.898356009070295	0.318428571428571	0.16343229059073	0.265039971996062
m7	83	Egg	2	2	1e-04	1.34916203306277	0.723782644396052	146.835719636645	0.918650793650794	0.320366883116883	0.152555752093474	0.262517509272596
m1	84	Egg	2	2	0.1	1.52940929788543	0.363191143264304	203.847720547086	0.897515527950311	0.36534126984127	0.1692598075072	0.309776409977851
m2	84	Egg	2	2	0.1	1.45774478658702	0.237412938545029	185.962878433192	0.903679653679654	0.41590873015873	0.177849207522605	0.36334170437248
m3	84	Egg	2	2	0.1	2.07692780703657	0.234092639482945	154.429135177012	0.815532879818594	0.134909090909091	0.108484837554958	0.0831594463934397
m4	84	Egg	2	2	0.1	1.68436218675796	0.303144779441444	209.246165429329	0.864880952380952	0.34293253968254	0.168962205723281	0.285786684147944
m5	84	Egg	2	2	0.1	2.16413627257814	0.275106862408252	154.397589480918	0.790079365079365	0.158143217893218	0.112134494826383	0.108670459516961
m6	84	Egg	2	2	0.1	1.64325045329351	0.263836018697733	191.93386522871	0.878604497354497	0.25648088023088	0.163532587717641	0.200383548343208
m7	84	Egg	2	2	0.1	1.74179113748175	0.256713184807264	184.056322701526	0.890406162464986	0.26607215007215	0.147601320221478	0.213002737248313
m1	85	Egg	2	2	0.1	1.43059302738478	0.365021525231952	205.976036936894	0.874492063492064	0.389072871572872	0.175796156818535	0.335696657098009
m2	85	Egg	2	2	0.1	1.50311665299188	0.24913668987281	188.119017045535	0.87032967032967	0.433198412698413	0.177984008975319	0.377342430911533
m3	85	Egg	2	2	0.1	1.84288743396749	0.161247864389627	152.432694738457	0.85531746031746	0.155646825396825	0.118214535444606	0.109020264832994
m4	85	Egg	2	2	0.1	1.55414207508461	0.226597561789321	173.858377060612	0.871428571428571	0.343549422799423	0.154326209991814	0.288849847810654
m5	85	Egg	2	2	0.1	2.00218427980132	0.249214235969824	130.229638865395	0.751839826839827	0.151143217893218	0.126548179406888	0.10413942426503
m6	85	Egg	2	2	0.1	1.81440958640385	0.358229716676296	167.594106380301	0.775809523809524	0.292353174603175	0.168431554062603	0.236141717191732
m7	85	Egg	2	2	0.1	2.01268954259484	0.350494176830637	155.139283844033	0.752714285714286	0.236409090909091	0.142197618903363	0.186961146472577
m1	86	Egg	2	2	0.1	1.0716161887604	0.295106246470576	218.772588746393	0.943694885361552	0.438121933621934	0.186998578376036	0.38938931941986
m2	86	Egg	2	2	0.1	1.06837986266101	0.195305905814513	184.213191264847	0.932380952380952	0.469722222222222	0.188232541187172	0.418250971528871
m3	86	Egg	2	2	1e-04	1.55052964411226	0.479436730284412	124.822907509115	0.865097402597403	0.217662698412698	0.122238286985956	0.162212521637048
m4	86	Egg	2	2	0.1	1.19486176143151	0.224376671547627	167.942267390639	0.948554421768708	0.437111111111111	0.206084937645721	0.385772559880429
m5	86	Egg	2	2	0.1	2.28892280348348	0.290706640997028	155.68099128921	0.744404761904762	0.138234126984127	0.124787758090182	0.0890110591514733
m6	86	Egg	2	2	0.1	1.86426620712145	0.313195015188322	181.77502133763	0.812169312169312	0.279381673881674	0.154546519520713	0.22527500140566
m7	86	Egg	2	2	0.1	1.78640243980838	0.262570719949308	185.959298650563	0.832787698412698	0.253774531024531	0.138580035319513	0.204782475812307
m1	87	Egg	2	2	0.1	1.1758153857913	0.199013279686027	237.819085035421	0.909722222222222	0.432810606060606	0.188579351807137	0.382914860588905
m2	87	Egg	2	2	0.1	0.98960875058806	0.305022524011122	202.199923648287	0.937087912087912	0.461763347763348	0.193168836406445	0.410966691953186
m3	87	Egg	2	2	0.1	1.76308246985508	0.227970303145812	143.01935524343	0.797243107769424	0.213563852813853	0.123521594359543	0.163159976957019
m4	87	Egg	2	2	0.1	1.42171051703729	0.283395040637245	222.640521323426	0.882222222222222	0.36368253968254	0.166488347998182	0.314795256467831
m5	87	Egg	2	2	0.1	2.24504530803999	0.250958416494268	138.505513720149	0.707968253968254	0.149031746031746	0.108642764089305	0.104811183739464
m6	87	Egg	2	2	0.1	1.55842687813829	0.343712557997719	180.048928875163	0.810487528344671	0.388345238095238	0.185090787585917	0.332150347429458
m7	87	Egg	2	2	0.1	1.44272522885506	0.191761538089733	148.006456883383	0.85	0.362142857142857	0.156235568364733	0.314037660019889
m1	88	Egg	2	2	0.1	1.24134003832468	0.340018787290038	207.609342585786	0.939514652014652	0.438531746031746	0.196540295339763	0.386242183748561
m2	88	Egg	2	2	0.1	1.38951913782918	0.314989619627437	191.414773623452	0.924546485260771	0.388833333333333	0.191071508863029	0.335548094957637
m3	88	Egg	2	2	0.1	2.02320807500273	0.20867797850063	156.336664616729	0.82312925170068	0.140373015873016	0.109573751605623	0.0922169784032596
m4	88	Egg	2	2	0.1	1.59013326891763	0.361052625998621	191.74749082056	0.874829931972789	0.395571428571429	0.178725591445506	0.338108889042689
m5	88	Egg	2	2	0.1	1.95771312506524	0.262586475296235	138.668706648894	0.848593073593074	0.145071428571429	0.117223060252112	0.0952782168439565
m6	88	Egg	2	2	0.1	1.28179690728602	0.225809493321781	189.16273560134	0.94092970521542	0.348396825396825	0.149748737421524	0.294149566766989
m7	88	Egg	2	2	1e-04	1.34931316768863	0.746074199781374	147.995511413378	0.926303854875283	0.352169191919192	0.158372886649568	0.292581456442686
m1	89	Egg	2	2	0.1	1.23541658841683	0.205426763903524	252.287794333126	0.926746031746032	0.412718253968254	0.16394749791644	0.361293327254833
m2	89	Egg	2	2	0.1	1.27164104162138	0.322359913308363	220.207880858622	0.918766534391534	0.437858946608947	0.186381692078466	0.382160558033189
m3	89	Egg	2	2	0.1	1.63729485924242	0.156469197035734	155.277726826211	0.895684523809524	0.199140331890332	0.131009878590015	0.151408061505279
m4	89	Egg	2	2	0.1	1.4061789931726	0.290808731731259	237.40543707683	0.937936507936508	0.373163059163059	0.165662031534909	0.323519874545153
m5	89	Egg	2	2	0.1	2.43135482424554	0.276058775026874	138.505513605427	0.673412698412698	0.111123376623377	0.111176711377525	0.0697178647595961
m6	89	Egg	2	2	0.1	1.82852175652427	0.415833764863112	179.002432582684	0.74258658008658	0.347321428571429	0.170794921601358	0.29568534121601
m7	89	Egg	2	2	0.1	1.82141981645613	0.299291544797568	150.779045619482	0.765750915750916	0.296178571428571	0.180584449876043	0.244563732459177
m1	90	Egg	2	2	0.1	1.38337438117151	0.321289449451058	225.364262518503	0.863725490196078	0.378279581529582	0.166809949679263	0.324057227018701
m2	90	Egg	2	2	0.1	1.3280405756599	0.218477228717107	190.410758825387	0.867530345471522	0.435281746031746	0.162195940529623	0.379801263120033
m3	90	Egg	2	2	0.1	1.79862957661227	0.247554648964562	143.019355532156	0.821047619047619	0.185250721500721	0.117445724931803	0.134850008584299
m4	90	Egg	2	2	0.1	1.55753821658362	0.281021334489565	224.252858074394	0.877808302808303	0.367255411255411	0.152085344071817	0.315977456667459
m5	90	Egg	2	2	0.1	2.45396096040669	0.260772287508158	135.913882252913	0.671553884711779	0.105714285714286	0.113350197410632	0.0631580880377924
m6	90	Egg	2	2	0.1	1.7539164030182	0.317088564349088	168.779045636819	0.811749482401656	0.281536796536797	0.158221571417336	0.227890711819892
m7	90	Egg	2	2	0.1	1.68997059718642	0.210256261430603	165.615251563083	0.819400352733686	0.285708513708514	0.144433890704774	0.229825159777147
m1	91	Egg	2	2	0.1	1.27294502881732	0.326964988170006	189.689868383575	0.91969696969697	0.408325396825397	0.182644696738009	0.352599412714085
m2	91	Egg	2	2	0.1	1.23221809023625	0.168053938139157	171.806898290199	0.910119047619048	0.430218253968254	0.171988549185099	0.378387169232978
m3	91	Egg	2	2	0.1	1.82535478304769	0.213250177950168	152.432694738457	0.870467032967033	0.180710678210678	0.132161210179634	0.129263404130936
m4	91	Egg	2	2	0.1	1.41842943161224	0.280669404985245	207.348953600864	0.924140211640212	0.399738095238095	0.173605868997108	0.346234058536139
m5	91	Egg	2	2	0.1	1.99204103858418	0.379860214228643	153.772871995105	0.804761904761905	0.16577886002886	0.119056979295174	0.114219130770673
m6	91	Egg	2	2	0.1	1.6742609161145	0.286778993477401	175.837578192178	0.835615079365079	0.28590873015873	0.152175945589581	0.227370283336812
m7	91	Egg	2	2	0.1	1.69279121243258	0.294888495122186	138.462665992158	0.8484335839599	0.266396825396825	0.141798177670186	0.211134215839411
m1	92	Egg	2	2	0.1	1.55180855499952	0.398745977322085	236.772588740557	0.898979591836735	0.37034126984127	0.175060706419509	0.315890004544963
m2	92	Egg	2	2	0.1	1.44422584618622	0.239976040003827	202.179862563528	0.920833333333333	0.383674603174603	0.166746986036656	0.329872255648621
m3	92	Egg	2	2	0.1	1.78126731188212	0.253028021949216	153.04629130223	0.890476190476191	0.152992063492063	0.126765590019663	0.107821744909819
m4	92	Egg	2	2	0.1	1.67994641825013	0.320146102009557	240.326703204188	0.886532738095238	0.293914141414141	0.147079022764471	0.24504833600128
m5	92	Egg	2	2	0.1	2.70729927019461	0.298265074549292	137.914931353427	0.617134353741497	0.0685440115440115	0.0890172057663662	0.0246104368085577
m6	92	Egg	2	2	0.1	2.09859325041432	0.383187491213689	211.793830465448	0.756488095238095	0.254634920634921	0.135015585900616	0.196676340601724
m7	92	Egg	2	2	0.1	1.95747335502304	0.204634711716566	152.505138034574	0.789640768588137	0.235262265512266	0.152842880605654	0.184793425216182
m1	93	Egg	2	2	0.1	1.24285333083519	0.359651954367725	216.000197669198	0.922685185185185	0.47821176046176	0.190654520070076	0.432342453591731
m2	93	Egg	2	2	0.1	1.55483492484706	0.248847714200713	224.742443795521	0.881372549019608	0.395758658008658	0.146768593709911	0.338137783216954
m3	93	Egg	2	2	0.1	2.07067256200413	0.28916763913321	156.336664616729	0.797727272727273	0.120492063492063	0.126970366618561	0.0743103763669574
m4	93	Egg	2	2	0.1	1.5589698944691	0.286386178390246	171.74598558603	0.853528911564626	0.438571428571429	0.172132380630627	0.386694637085619
m5	93	Egg	2	2	0.1	1.90019575255558	0.194087641431523	131.955731566945	0.782663690476191	0.172391053391053	0.093540732975031	0.116882034989194
m6	93	Egg	2	2	0.1	1.49527550292421	0.319928026438992	177.173316995303	0.902743271221532	0.333509379509379	0.165419769630766	0.279574673134411
m7	93	Egg	2	2	0.1	1.7872304518457	0.216039261444081	151.458641716523	0.861904761904762	0.250714646464646	0.129458533142122	0.196621767114918
m1	94	Egg	2	2	0.1	1.23934680107777	0.293101657574825	221.81289761015	0.937414965986395	0.371899711399711	0.180310628749871	0.318009742085703
m2	94	Egg	2	2	0.1	1.31820898336305	0.229920231691086	203.942216891041	0.915702947845805	0.397290764790765	0.175800454059945	0.340793484392238
m3	94	Egg	2	2	0.1	1.83965133499092	0.178261543038091	167.26340163987	0.844557823129252	0.130888888888889	0.107279064723017	0.082248239114814
m4	94	Egg	2	2	0.1	1.49374185805499	0.232294726094274	222.068123386904	0.913930659983292	0.324389971139971	0.154139998876069	0.268833578229042
m5	94	Egg	2	2	0.1	2.07204778067489	0.290700308393402	128.941692822011	0.796785714285714	0.163488455988456	0.129519650606095	0.110569326811097
m6	94	Egg	2	2	0.1	1.73081032923478	0.301549813943456	166.781658502497	0.835606060606061	0.271215007215007	0.154618272248422	0.217901613124172
m7	94	Egg	2	2	0.1	1.81512137051507	0.295792458537601	184.661442581798	0.81453634085213	0.253107142857143	0.146498353695227	0.202802272290642
m1	95	Egg	2	2	0.1	1.11378874204565	0.278874906438097	203.792798878398	0.942678571428571	0.416469696969697	0.163815698746553	0.364206661996365
m2	95	Egg	2	2	0.1	1.4662706503478	0.479032228734278	185.897848351727	0.904058441558442	0.394814574314574	0.182092667605452	0.341725803542907
m3	95	Egg	2	2	0.1	1.85438727753387	0.218962862876733	140.787919836645	0.864985994397759	0.146992063492063	0.11798704774407	0.103098437830379
m4	95	Egg	2	2	0.1	1.39021076140594	0.340083615219728	220.935974233033	0.883956916099773	0.429764069264069	0.172319531504159	0.380280882374653
m5	95	Egg	2	2	0.1	1.80304730441486	0.261126047551261	124.974542865047	0.82906746031746	0.206719336219336	0.139597377360964	0.148879809250751
m6	95	Egg	2	2	0.1	1.55882929467113	0.329263807843028	162.728525052323	0.879047619047619	0.316900793650794	0.154652933097879	0.258922053698857
m7	95	Egg	2	2	0.1	1.77959154908524	0.325248371946693	151.458641819842	0.863558201058201	0.247024531024531	0.126785955566977	0.194940720058281
m1	96	Egg	2	2	0.1	1.06032958726065	0.269434512645097	202.055086110131	0.948869047619048	0.490722222222222	0.173130704847179	0.437259252029672
m2	96	Egg	2	2	0.1	1.19921969238822	0.334861332689281	183.819085045796	0.922747055811572	0.50084126984127	0.19670752190635	0.452198805821024
m3	96	Egg	2	2	0.1	1.62077156374471	0.24257623384673	136.092787545824	0.906114050558495	0.22893759018759	0.137485184706729	0.174085674153584
m4	96	Egg	2	2	0.1	1.19089840838798	0.247163875389297	184.189806452801	0.948526077097506	0.464694444444444	0.169217487721556	0.413208179617896
m5	96	Egg	2	2	0.1	1.8089472971334	0.27304728932489	124.974434310198	0.837536743092299	0.203551587301587	0.142110827064185	0.148085118013912
m6	96	Egg	2	2	0.1	1.4694116738184	0.252706572936423	162.728525080294	0.882002801120448	0.305020562770563	0.1470705880289	0.249719720835436
m7	96	Egg	2	2	0.1	1.94928876010085	0.286613230865287	186.175821434474	0.792965367965368	0.204380952380952	0.136498566930891	0.155189676626866
m1	97	Egg	2	2	0.1	1.73340097576783	0.355186814394664	221.545177475904	0.814452798663325	0.346186507936508	0.150200811539427	0.294913672409058
m2	97	Egg	2	2	0.1	1.51575837269365	0.252271223207112	186.952444416775	0.887946428571429	0.378154761904762	0.152768562228176	0.326524462012432
m3	97	Egg	2	2	0.1	1.95226599299993	0.267188740050887	141.287590197768	0.853401360544218	0.157250360750361	0.123175542402036	0.111060510468866
m4	97	Egg	2	2	0.1	1.91835679103133	0.283785346825286	225.26135240992	0.815674603174603	0.299536435786436	0.153061674952311	0.247993590580502
m5	97	Egg	2	2	0.1	2.590069460685	0.240072946396376	160.402397580318	0.652225672877847	0.0929130591630592	0.0940006413862426	0.0514335912471661
m6	97	Egg	2	2	0.1	2.0852490281991	0.336201421576708	183.501113821856	0.738871635610766	0.250702380952381	0.151574823339923	0.193716652613123
m7	97	Egg	2	2	0.1	1.96078637329484	0.24806437571143	152.505138034574	0.780742296918768	0.217924603174603	0.145658625290646	0.166874576882408
m1	98	Egg	2	2	1e-04	0.915335494712391	0.438285999908351	185.777409368435	0.976082251082251	0.484813492063492	0.185576845283206	0.429600286234172
m2	98	Egg	2	2	1e-04	0.966919812684843	0.791803657297555	167.545177482739	0.971520146520147	0.498025252525253	0.170325361802212	0.445615645960732
m3	98	Egg	2	2	0.1	1.63945740309159	0.20013960360681	136.092787545824	0.897204968944099	0.20830266955267	0.131595777333531	0.151313198398275
m4	98	Egg	2	2	1e-04	1.03252324777987	0.514217458945003	185.89092358062	0.96991341991342	0.468142496392496	0.189318785898387	0.412667706057707
m5	98	Egg	2	2	0.1	1.80191811517954	0.255292870124014	151.170057580302	0.845220841959972	0.202123737373737	0.134862537536784	0.149711394729458
m6	98	Egg	2	2	0.1	1.50379405826217	0.274197522897084	173.307641988245	0.88015873015873	0.300571428571429	0.133358172213188	0.245965669915848
m7	98	Egg	2	2	0.1	1.7214553058132	0.232063272365512	136.09278750924	0.846277399848828	0.234311327561328	0.155173414816492	0.187600820914452
m1	99	Egg	2	2	0.1	1.13566519854032	0.230968711521344	205.895557251002	0.908730158730159	0.435846681096681	0.188675314234034	0.384543292146189
m2	99	Egg	2	2	0.1	1.3551802245814	0.276474356034253	187.638170081291	0.867275132275132	0.419842352092352	0.159854054363784	0.365282019822864
m3	99	Egg	2	2	0.1	1.73056677854009	0.252557154188978	141.096811856273	0.878690476190476	0.197128066378066	0.132802864427448	0.143189742491039
m4	99	Egg	2	2	0.1	1.19551800897786	0.203996588564561	188.023931644341	0.929578754578755	0.48965873015873	0.166473866931384	0.439044613001432
m5	99	Egg	2	2	0.1	1.87419706009642	0.2776442185946	128.971863918831	0.802153145208701	0.210453102453102	0.133501923871731	0.16134929574743
m6	99	Egg	2	2	0.1	1.69932892697505	0.282184715560879	165.501113778822	0.837037037037037	0.322700937950938	0.16545635488952	0.266114537709993
m7	99	Egg	2	2	0.1	1.95160518530223	0.292185298245068	155.607227451487	0.756004140786749	0.245449855699856	0.138238842888921	0.19049198260563
m1	100	Egg	2	2	0.1	1.12806785533061	0.212849551384971	203.8466352901	0.927232142857143	0.414059523809524	0.166689133362477	0.357590714589748
m2	100	Egg	2	2	0.1	1.13465400091394	0.189680669546576	185.941198096329	0.926269841269841	0.444374458874459	0.189230815035974	0.387811844316697
m3	100	Egg	2	2	0.1	1.67241584451268	0.243192380765543	141.096811858565	0.882919254658385	0.178242063492063	0.142087260803141	0.130989884592384
m4	100	Egg	2	2	0.1	1.30237367030611	0.306257831493117	189.731746921082	0.930605158730159	0.373051587301587	0.162722911522627	0.315092003200283
m5	100	Egg	2	2	0.1	1.90946853183578	0.220643522156181	127.775299335373	0.804513888888889	0.208781746031746	0.140595910109545	0.14799967848985
m6	100	Egg	2	2	0.1	1.7147329684798	0.316279388659348	150.640602650369	0.794062881562882	0.290123737373737	0.173873071381929	0.233182436874593
m7	100	Egg	2	2	0.1	1.90429585219585	0.285654053046727	169.114372341809	0.775198412698413	0.264444805194805	0.147872338692802	0.206368565718837
