Model	Iteration	Variable	Subsampled	MinObs	decay	logLoss	logLossSD	AIC	AUC	Accuracy	AccuracySD	Kappa
m1	1	Egg	4	2	0.1	1.18075404929484	0.428811753536654	69.076136747085	0.827376818783069	0.534619047619048	0.186990769205137	0.394806791563084
m2	1	Egg	4	2	0.1	1.10315778531053	0.337776655248179	65.7205129666877	0.837868818162186	0.525309523809524	0.192864017775431	0.389905690556254
m3	1	Egg	4	2	0.1	1.77709118192789	0.409977866390838	51.3457085433005	0.5763099669994	0.242659812409812	0.172219683538085	0.0981668992858535
m4	1	Egg	4	2	0.1	1.51792300633617	0.357582649437672	61.2708871956224	0.700565159574468	0.290837301587302	0.162478294994344	0.121097956768469
m5	1	Egg	4	2	0.1	1.39749365284587	0.250704768379399	50.827330558692	0.66529823269514	0.309892857142857	0.154126391079743	0.140684602266788
m6	1	Egg	4	2	0.1	1.0251597797133	0.332163266876433	56.1677095466042	0.852319514062935	0.49747619047619	0.177513321777827	0.356534151577154
m7	1	Egg	4	2	0.1	0.984020049816746	0.283686933534838	45.5890361311291	0.826749406807397	0.53906746031746	0.169055243890622	0.396296001005349
m1	2	Egg	4	2	0.1	0.985172312094025	0.387569009400934	73.4336318220127	0.891470616024187	0.671325396825397	0.200064366562231	0.571286590419738
m2	2	Egg	4	2	0.1	1.23861596931779	0.368593522290129	55.9549700631737	0.782513401559454	0.575226190476191	0.212133498413459	0.444910991973299
m3	2	Egg	4	2	0.1	1.76371872210289	0.335829003434034	53.7994082927097	0.54579509755291	0.177650793650794	0.147046565003423	0.0155489191049557
m4	2	Egg	4	2	0.1	1.32814555043564	0.436908623411597	52.7420457662064	0.797900814105711	0.440968253968254	0.184022151120568	0.289320507074017
m5	2	Egg	4	2	0.1	1.22062941615738	0.375424217605103	45.0984045693748	0.753828572806437	0.443626984126984	0.193815638807554	0.288069985427237
m6	2	Egg	4	2	0.1	0.943280645093126	0.32141114256186	50.4414422044386	0.910835310642012	0.620238095238095	0.237391154727078	0.510176459537704
m7	2	Egg	4	2	0.1	1.01026785562243	0.31510340197199	46.4107588278767	0.845256426846101	0.640849206349206	0.22119420979504	0.534932231743914
m1	3	Egg	4	2	0.1	0.977188377787406	0.405894383255272	72.040124945772	0.873577426685804	0.639857142857143	0.198964922719445	0.514557221179081
m2	3	Egg	4	2	0.1	1.26323024577391	0.502553168206674	52.8491291753144	0.784556008075745	0.547515873015873	0.216106637566028	0.422733090004936
m3	3	Egg	4	2	0.1	1.75212581187678	0.334359382649686	63.8616478181411	0.496504526289683	0.125253968253968	0.13153367854502	-0.0252724143589033
m4	3	Egg	4	2	0.1	1.19097486300374	0.344791323937986	52.0320632814507	0.814167928053237	0.470630952380952	0.206201874295466	0.322150282454583
m5	3	Egg	4	2	0.1	1.05593475121217	0.313563938309009	41.3693358319604	0.810511270659466	0.52852380952381	0.197370344265619	0.385593410149272
m6	3	Egg	4	2	0.1	0.879478605249396	0.318284939871036	48.7241619846811	0.905166388192704	0.663519841269841	0.222831550658964	0.556951566631213
m7	3	Egg	4	2	0.1	1.15866087666043	0.309136386899736	45.5027054703458	0.811779391243677	0.561031746031746	0.225177544539226	0.441922739122079
m1	4	Egg	4	2	0.1	1.31773829891224	0.398872200901135	71.3496234647515	0.754108187134503	0.416936507936508	0.179357017105026	0.253707291296734
m2	4	Egg	4	2	0.1	1.36885133797235	0.40272539411381	58.5492017423961	0.752181687394316	0.394420634920635	0.208557986938593	0.234078665058305
m3	4	Egg	4	2	0.1	1.77461601197195	0.298770207157515	54.4814923170764	0.497577887537994	0.159797619047619	0.134448377183434	0.0046208429591267
m4	4	Egg	4	2	0.1	1.40328662703004	0.380157987667828	56.4546175355107	0.700388647095636	0.39068253968254	0.197710208057851	0.236730539969068
m5	4	Egg	4	2	0.1	1.28276976147714	0.307797201023183	47.9813146394195	0.693648705096074	0.358511904761905	0.158374002939331	0.201209143433504
m6	4	Egg	4	2	0.1	1.25047224812661	0.346060654901638	53.3151285983912	0.74932720367643	0.375257936507936	0.166962680764013	0.228970334589361
m7	4	Egg	4	2	0.1	1.33870887941698	0.334004418412293	53.3151286072535	0.711441628484154	0.3435	0.170581002589113	0.194381407385475
m1	5	Egg	4	2	0.1	1.20782678173391	0.444089700808129	71.6472522731155	0.784235318838183	0.492944444444444	0.217980323008735	0.342055023100494
m2	5	Egg	4	2	0.1	1.22310901412663	0.363492791943932	73.9528453411925	0.7851819146462	0.470984126984127	0.189626249242464	0.316496708837822
m3	5	Egg	4	2	0.1	1.89271152156721	0.316279815696173	55.8858143607666	0.408156179138322	0.112428571428571	0.110024880111589	-0.048120261682793
m4	5	Egg	4	2	0.1	1.44273432643493	0.330576454495508	56.4217812847807	0.601924978181421	0.283043650793651	0.168621217591687	0.12174142918198
m5	5	Egg	4	2	1e-04	1.11265090240222	0.239702102729074	50.3666960477891	0.720796530977983	0.350607142857143	0.151353824537059	0.209876012876013
m6	5	Egg	4	2	0.1	1.08439787198372	0.372864830492334	55.499837148856	0.828781145394666	0.543488095238095	0.222961012635311	0.41596758500441
m7	5	Egg	4	2	0.1	1.1807725343366	0.328713454787476	49.3797985547591	0.804388461332906	0.511853174603175	0.205604622078846	0.379948330949018
m1	6	Egg	4	2	0.1	1.20561943080064	0.435009315218175	64.5954826677665	0.793440545808967	0.468936507936508	0.210869961398272	0.324375529185057
m2	6	Egg	4	2	0.1	1.13420972646747	0.393411473372061	50.3177662478673	0.813166828492626	0.501952380952381	0.196819106867796	0.354463002404928
m3	6	Egg	4	2	0.1	1.75202230770277	0.319020289193269	53.1899617104176	0.538196755703476	0.176595238095238	0.132825621949296	0.0160695540933555
m4	6	Egg	4	2	0.1	1.48018144596074	0.311859952559933	52.6860530776833	0.650011420662194	0.286654761904762	0.160990694110949	0.13113384301142
m5	6	Egg	4	2	0.1	1.32147583380899	0.311715397992718	47.9813146394195	0.715332494681721	0.352202380952381	0.187386357828563	0.205794993141313
m6	6	Egg	4	2	0.1	1.10257992922603	0.376669183642449	48.2648566757769	0.827872260015117	0.559976190476191	0.18521394008182	0.4255623714854
m7	6	Egg	4	2	0.1	1.0578705815322	0.32391397669012	42.1368512908898	0.839839701630939	0.582373015873016	0.180871353786051	0.454527474431474
m1	7	Egg	4	2	0.1	1.22587364536249	0.423593372302107	50.3177662250779	0.782362236131566	0.470583333333333	0.195305782489441	0.312380534893675
m2	7	Egg	4	2	0.1	1.23825142945846	0.436832791506116	50.3177662442444	0.79548133829706	0.493392857142857	0.190539189242077	0.346101736459044
m3	7	Egg	4	2	0.1	1.88379566484669	0.317152397718609	55.9284416987325	0.459667452050265	0.121785714285714	0.110895805103468	-0.0529277317996092
m4	7	Egg	4	2	0.1	1.54780995187068	0.341784064918096	52.686053017572	0.633633651873448	0.33125	0.15404274530935	0.160982680125422
m5	7	Egg	4	2	0.1	1.29635538663843	0.299727610455422	41.9814477997077	0.708904020362354	0.37125	0.164923490257591	0.227578947716544
m6	7	Egg	4	2	0.1	1.13414918679316	0.399093799014256	42.2660180801564	0.830549481697441	0.520198412698413	0.203526136353149	0.379833366479817
m7	7	Egg	4	2	0.1	1.15416256806392	0.345625129632695	42.3319437794395	0.803597091324956	0.521928571428571	0.215973868460532	0.390724870571508
m1	8	Egg	4	2	1e-04	0.233156608319471	0.261046678556534	60.118650687835	0.996771704500199	0.861650793650794	0.186071527946368	0.81754670864486
m2	8	Egg	4	2	1e-04	0.448307497249619	0.610912136472544	62.6687456373265	0.986603327228327	0.835833333333333	0.208372840341201	0.786317699488858
m3	8	Egg	4	2	0.1	1.66151176328449	0.345717448899553	62.6173915581108	0.565767543859649	0.222694444444444	0.154026525974051	0.0621833240900563
m4	8	Egg	4	2	0.1	1.42044589151335	0.419922084475265	64.2688934103099	0.775244095347188	0.443079365079365	0.219328163300448	0.300594469118771
m5	8	Egg	4	2	0.1	1.39510818665383	0.344348224996733	48.993009699157	0.725318064800592	0.331706349206349	0.154750624478415	0.173787072374026
m6	8	Egg	4	2	1e-04	0.192964731173784	0.224934026600372	48.1350130612331	0.997569444444444	0.896452380952381	0.169091308230942	0.859297542736757
m7	8	Egg	4	2	0.1	0.487459184165439	0.191136377881652	51.5315981321357	0.99744071239607	0.85481746031746	0.147386132693583	0.79434119963322
m1	9	Egg	4	2	0.1	0.962802724883714	0.424797238973969	78.188790830241	0.870369164737654	0.627285714285714	0.229240822756379	0.508610092394275
m2	9	Egg	4	2	0.1	1.17209214061469	0.456215045688657	57.8190850470512	0.832408973823447	0.578452380952381	0.23253700459923	0.46182434692799
m3	9	Egg	4	2	0.1	1.58995270697432	0.39431906644365	47.6453415616091	0.668559593428015	0.27909126984127	0.159928752791262	0.131602489179751
m4	9	Egg	4	2	0.1	1.0604713967438	0.324305246728673	59.6547657079257	0.852335655037478	0.482238095238095	0.177161960365779	0.330685797396009
m5	9	Egg	4	2	0.1	1.0231500036077	0.316986203188022	41.4561668476209	0.837744398974868	0.502599206349206	0.197921762162246	0.364954307302322
m6	9	Egg	4	2	0.1	0.955823382979646	0.35456767682227	56.3177662112238	0.893781001984127	0.586190476190476	0.213277181484373	0.462543621427082
m7	9	Egg	4	2	0.1	1.1558156494007	0.367033596064495	52.5492017463106	0.827402770959472	0.524630952380952	0.215897000129202	0.390875075725063
m1	10	Egg	4	2	0.1	0.761019302485467	0.313965943318819	48.0001050444653	0.93767757247575	0.759753968253968	0.197272079636821	0.671394885198858
m2	10	Egg	4	2	0.1	0.795516598790523	0.288389632094512	48.2507903730091	0.930044864452081	0.769698412698413	0.172587153234887	0.684104847151791
m3	10	Egg	4	2	0.1	1.53281276523701	0.34493266277579	53.738312156038	0.675266084383352	0.332190476190476	0.21197581376058	0.18602247659054
m4	10	Egg	4	2	0.1	1.23605576775931	0.31579861114705	62.7364418330366	0.775284012621252	0.430480158730159	0.192582290903873	0.266516688771893
m5	10	Egg	4	2	0.1	1.3186430832346	0.268889967781736	54.0656433842918	0.702080343071035	0.33125	0.166307824059219	0.183809446666402
m6	10	Egg	4	2	1e-04	0.534612943921592	0.643078004517831	42.1640295537364	0.988358424698631	0.816178571428571	0.169263854328376	0.734299035933847
m7	10	Egg	4	2	0.1	0.720879654676713	0.247614905877766	55.1514020144611	0.938319127254076	0.798337301587302	0.183169140908593	0.720295716625721
m1	11	Egg	4	2	0.1	0.971549321504579	0.387232277355682	73.2661390134234	0.880035903250189	0.655980158730159	0.188669408103649	0.531114955339852
m2	11	Egg	4	2	0.1	1.0979885354416	0.349349208977176	70.7559666485001	0.823762559101655	0.565813492063492	0.206101669269359	0.420116099879598
m3	11	Egg	4	2	0.1	1.71564082743797	0.342242056513307	61.7077869919213	0.550208873231832	0.21097619047619	0.1468157030457	0.0538832094283258
m4	11	Egg	4	2	0.1	1.36950878168068	0.441112709762984	52.6355324809031	0.762270205701328	0.370547619047619	0.178284651880445	0.217043599707183
m5	11	Egg	4	2	0.1	1.21220414152437	0.394167766629025	39.0985832448023	0.787753527336861	0.443710317460317	0.20285162343797	0.313336603677985
m6	11	Egg	4	2	0.1	0.956295569229733	0.353087656892028	44.4463699640752	0.881008771929825	0.658726190476191	0.188399275027517	0.543334445946617
m7	11	Egg	4	2	0.1	0.994922405605877	0.325045252474857	39.6976752113684	0.862113130795926	0.625809523809524	0.225325609138275	0.516479218303874
m1	12	Egg	4	2	0.1	0.719988027741887	0.34172761954637	60.0001543154034	0.959909256414633	0.731583333333333	0.210533837760871	0.639765483510554
m2	12	Egg	4	2	0.1	0.705995791727793	0.24510880339211	54.1910012204872	0.954723207249803	0.77722619047619	0.212830802886629	0.709975908389531
m3	12	Egg	4	2	0.1	1.6053986160806	0.41312820265206	48.4721020142241	0.589202338736913	0.260845238095238	0.180827015935561	0.0937917119657427
m4	12	Egg	4	2	0.1	1.22696543943554	0.539971341416688	47.4572551382091	0.837518727729187	0.522357142857143	0.204007672391003	0.387316769170294
m5	12	Egg	4	2	0.1	1.39528712078452	0.403325043561635	48.993009699157	0.728508359242895	0.34152380952381	0.167211306898963	0.187824084189674
m6	12	Egg	4	2	1e-04	0.577608131410007	0.660481131776366	54.0001061320766	0.984147652116402	0.814761904761905	0.189326965413792	0.744012430106747
m7	12	Egg	4	2	0.1	0.688811901279762	0.224909808886361	60.7863001221521	0.946541353383459	0.785365079365079	0.208518579543691	0.711521540243539
m1	13	Egg	4	2	0.1	0.985282145011126	0.376458765357505	68.1312859921921	0.895600285435812	0.646325396825397	0.236553299138391	0.544510099190186
m2	13	Egg	4	2	0.1	0.989514802385947	0.352353754637277	70.0603274802762	0.888597849854227	0.681853174603175	0.197036600911907	0.576520403030476
m3	13	Egg	4	2	0.1	1.56560334413007	0.292534143966315	48.7727141898861	0.59676403207331	0.264015873015873	0.167727446064884	0.107712563182366
m4	13	Egg	4	2	0.1	1.16568189304563	0.348393054899361	50.1801478701511	0.766414048437244	0.466333333333333	0.218035978708518	0.316031581830811
m5	13	Egg	4	2	1e-04	1.10107182811981	0.283622862360553	50.366696047789	0.735719507101086	0.343888888888889	0.161515307937996	0.206422620555857
m6	13	Egg	4	2	0.1	0.961893449966885	0.30057788476981	55.4872769018859	0.861574777665203	0.587722222222222	0.237893231204904	0.471809762182781
m7	13	Egg	4	2	0.1	1.08478664796733	0.342878418355556	49.3797985542727	0.835838638117284	0.516738095238095	0.213968274039675	0.383123588152485
m1	14	Egg	4	2	0.1	1.03918370885298	0.386732487314361	74.2152334754266	0.867644752631866	0.664369047619048	0.227874504083455	0.553202639176883
m2	14	Egg	4	2	0.1	1.11899458266425	0.32692482192187	70.8878790882375	0.86564274002425	0.636809523809524	0.191698345847419	0.51557432221001
m3	14	Egg	4	2	0.1	1.65453502727106	0.354551177249499	54.0153494807422	0.600125213569224	0.283690476190476	0.177859773208462	0.110854294656788
m4	14	Egg	4	2	0.1	1.41036110482453	0.337467277804255	60.8669679611584	0.695074239417989	0.36522619047619	0.159237671251573	0.203012300026773
m5	14	Egg	4	2	0.1	1.25852613979637	0.268443763615599	48.0642527497102	0.720435996563574	0.325944444444444	0.151137814509744	0.176095981031
m6	14	Egg	4	2	0.1	1.01148280736323	0.382992816353531	45.6296609128116	0.852730069168871	0.643299783549784	0.221338863152825	0.5317494678719
m7	14	Egg	4	2	0.1	0.958249471482476	0.276943706174326	39.6976752113684	0.87037494371271	0.636095238095238	0.238920640001626	0.530845635260207
m1	15	Egg	4	2	0.1	0.686509116720731	0.322026087686955	45.9210335419797	0.943741306660121	0.777916666666667	0.193462814681447	0.693073803148268
m2	15	Egg	4	2	0.1	0.877094549374307	0.321101192790218	45.8190850435741	0.909242548969943	0.699599206349206	0.247069954988355	0.6029074885077
m3	15	Egg	4	2	0.1	1.54393206516632	0.243385796146337	48.989176425285	0.614749556737589	0.25931746031746	0.157229837069408	0.117032165013375
m4	15	Egg	4	2	0.1	1.1407367344589	0.333965462153171	49.3797985447915	0.837394593253968	0.555150793650794	0.21052025988949	0.426201152857372
m5	15	Egg	4	2	0.1	1.23986812462191	0.344508954540537	45.0984045693748	0.768057818156502	0.408845238095238	0.193827558641858	0.261126604878613
m6	15	Egg	4	2	0.1	0.752683720360387	0.333141834213564	39.9476482154488	0.926768300405268	0.70368253968254	0.204695018923942	0.6137336301526
m7	15	Egg	4	2	0.1	0.818646896543388	0.261638558103036	40.0461547447422	0.903702353957456	0.712238095238095	0.212201334368985	0.614774519056871
m1	16	Egg	4	2	0.1	0.641588772181953	0.274338807484747	48.1880521389732	0.960812817190368	0.7645	0.191180709175319	0.682558099757624
m2	16	Egg	4	2	0.1	0.814302041781587	0.280689612629055	46.4986811988429	0.901269102499156	0.682892857142857	0.222446853980147	0.592644134740747
m3	16	Egg	4	2	0.1	1.61937211904539	0.366939528196183	51.345932235176	0.59309375	0.234011904761905	0.1576804445094	0.0687418137185211
m4	16	Egg	4	2	0.1	1.23128369778725	0.431931933473635	57.3551515690144	0.822173322638748	0.46184126984127	0.206842841739652	0.313603100956168
m5	16	Egg	4	2	0.1	1.15485274853854	0.287452188606698	39.8681681409751	0.822463249331806	0.49793253968254	0.164671594094895	0.354433476430673
m6	16	Egg	4	2	0.1	0.562607990903167	0.197496803262597	38.8944826511402	0.973429062346588	0.800718253968254	0.171726893045285	0.728077879073102
m7	16	Egg	4	2	0.1	0.732871315542643	0.268062855119938	35.0040242639044	0.91257278541428	0.731547619047619	0.222440401295587	0.638058968767969
m1	17	Egg	4	2	0.1	0.84251284335134	0.421377038888595	76.6153124507125	0.925788473357918	0.721952380952381	0.200508292688629	0.623571659999139
m2	17	Egg	4	2	0.1	1.11569668836889	0.43233051114236	57.8190850355139	0.875456996945399	0.558055555555556	0.210287270832801	0.423370664696776
m3	17	Egg	4	2	0.1	1.67399025685119	0.336276733414915	51.2714075405522	0.604656732395135	0.237349206349206	0.157375101069908	0.0780667605446189
m4	17	Egg	4	2	0.1	1.11830901736758	0.398900048299626	60.525552454509	0.836381083944928	0.497761904761905	0.204744934809172	0.362070770742254
m5	17	Egg	4	2	0.1	1.00057017299353	0.306087113705692	41.456166847621	0.855601067746686	0.53184126984127	0.165434271799886	0.391619482919168
m6	17	Egg	4	2	0.1	0.899641242075094	0.361816354607077	65.1742537500274	0.914287064031962	0.643323232323232	0.186925961627261	0.528296071214635
m7	17	Egg	4	2	0.1	1.02094628316631	0.383721414132419	47.5451774907294	0.891820589919817	0.583023809523809	0.200612239742635	0.456895449793769
m1	18	Egg	4	2	0.1	0.831766772664868	0.333227343840167	61.4998946240951	0.932899518627611	0.772571428571429	0.221235032706829	0.705100656036706
m2	18	Egg	4	2	0.1	1.03819421878719	0.417953466976456	64.0801738077605	0.891349841002619	0.66525	0.244405303117563	0.568353998707501
m3	18	Egg	4	2	0.1	1.76931964972839	0.320451511744662	52.1475440127172	0.572638888888889	0.196666666666667	0.140911575317477	0.0322002892090994
m4	18	Egg	4	2	0.1	1.28977943371817	0.306813942178815	53.6218035448415	0.754225944219295	0.412757936507937	0.195666495939126	0.268118705553666
m5	18	Egg	4	2	0	1.09572550952388	0.305443271118046	44.3667657643741	0.739522991327115	0.362857142857143	0.160287722442998	0.224901527277578
m6	18	Egg	4	2	0.1	0.799053688809467	0.29982950608496	49.8250484270302	0.9212129494655	0.819924603174603	0.202736245227804	0.759303991737484
m7	18	Egg	4	2	0.1	0.892740638718843	0.312417485982943	35.0040242744803	0.921847718253968	0.768880952380952	0.208105800300564	0.687553152607895
m1	19	Egg	4	2	0.1	1.15871254129602	0.440038696837899	60.9358067142537	0.828176989581629	0.52406746031746	0.250290781307421	0.395574963108535
m2	19	Egg	4	2	0.1	1.42668591826774	0.415611078423417	59.2287979271647	0.72296695877425	0.382452380952381	0.193541310286646	0.218145352353147
m3	19	Egg	4	2	0.1	1.59904966529571	0.364185585078434	50.1382394988633	0.632348599519991	0.330547619047619	0.204650658561729	0.175159965739749
m4	19	Egg	4	2	0.1	1.21581872478001	0.468090253730524	47.8987430953378	0.827345644565697	0.510892857142857	0.234349649235584	0.383345724675009
m5	19	Egg	4	2	0.1	1.16484644148937	0.32729400613482	45.0984045693748	0.798172353133693	0.466952380952381	0.185194101345172	0.329407715844223
m6	19	Egg	4	2	0.1	1.26624865909216	0.304943162268308	68.0180988871245	0.750650071536551	0.378884920634921	0.18059245311163	0.234656533422997
m7	19	Egg	4	2	0.1	1.36708775124778	0.313506600473451	55.9645689287623	0.657029355434303	0.268464285714286	0.158974153649064	0.121147240995981
m1	20	Egg	4	2	0.1	1.04921381431554	0.401818025352988	72.3557233038424	0.864444618490671	0.602634920634921	0.208784603444447	0.475743864653987
m2	20	Egg	4	2	0.1	1.24471159014876	0.428037640688111	58.4986811918513	0.819309069113757	0.547460317460317	0.18883479385139	0.420759609947441
m3	20	Egg	4	2	0.1	1.7686272846073	0.327541326140432	53.7932074158597	0.533873037439614	0.196392857142857	0.152580091895006	0.0328778634459343
m4	20	Egg	4	2	0.1	1.10604280653296	0.430162954205883	51.9559362976837	0.81544158757432	0.49593253968254	0.196528688554489	0.349297094902725
m5	20	Egg	4	2	0.1	0.949439374378226	0.271519975364715	41.456166847621	0.856887629460768	0.536083333333333	0.153848424736947	0.395346391174641
m6	20	Egg	4	2	0.1	0.915476557430717	0.40676953098052	66.5189593195605	0.897795008354219	0.640142857142857	0.24049250584003	0.53509241972124
m7	20	Egg	4	2	0.1	1.17160052261148	0.411005882464358	48.7301167201623	0.839619883040936	0.529202380952381	0.17943294306397	0.392828868122292
m1	21	Egg	4	2	0.1	0.686344758081118	0.323485395063984	64.6462487295057	0.923570906432749	0.692904761904762	0.196818626821148	0.584348643681783
m2	21	Egg	4	2	0.1	0.808831550307711	0.321919507929177	66.9197763823843	0.900583980637172	0.656503968253968	0.201319779771815	0.548245546315798
m3	21	Egg	4	2	0.1	1.77297892839443	0.312852813246152	60.1800659019138	0.454504172803142	0.0996071428571429	0.103188068690614	-0.025264403756504
m4	21	Egg	4	2	0.1	1.27728912589698	0.433208526259825	48.4764936920935	0.739750765803397	0.465103174603175	0.191249214850393	0.305296651538334
m5	21	Egg	4	2	0.1	1.18467357604418	0.363769606400008	39.0985832448023	0.778303322523753	0.484630952380952	0.192604376537398	0.341306121054266
m6	21	Egg	4	2	0.1	0.638509864693002	0.297498582840753	41.6565201946916	0.935488088419789	0.736694444444444	0.170731321462653	0.646869035428735
m7	21	Egg	4	2	0.1	0.720650657443478	0.310361192356436	55.2366782853374	0.925253193308749	0.709924603174603	0.189306796755978	0.604002803812427
m1	22	Egg	4	2	0.1	1.0978656666237	0.435639555800129	69.6448710934493	0.841561059907834	0.619289682539683	0.211159589059941	0.504472822058937
m2	22	Egg	4	2	0.1	1.23377539298046	0.416523763720265	49.975400983519	0.792620788081314	0.59225	0.219666848501561	0.47381096328537
m3	22	Egg	4	2	0.1	1.80423708571717	0.277650087439512	57.0314775292133	0.48573959345643	0.141797619047619	0.127150740149574	-0.0211724525095187
m4	22	Egg	4	2	0.1	1.452582987985	0.313972513021215	60.273702547051	0.677329749103943	0.339107142857143	0.176118585670704	0.182730965623609
m5	22	Egg	4	2	1e-04	1.08446501487232	0.27606431322978	50.4277144448446	0.727092054770626	0.349440476190476	0.169977799013962	0.214167321261306
m6	22	Egg	4	2	0.1	0.89347026492726	0.305435342888967	57.8659074352717	0.90027106381273	0.701964285714286	0.209090760489841	0.605108608393873
m7	22	Egg	4	2	0.1	1.02888719981587	0.327567791747909	40.4107588307602	0.833020714012982	0.640880952380952	0.228199052583063	0.527559522240079
m1	23	Egg	4	2	0.1	0.820076629904576	0.33398145179439	70.2749995686799	0.915046465014577	0.680757936507936	0.200355166067835	0.573506290942185
m2	23	Egg	4	2	0.1	0.931346123004445	0.326635227618896	68.2178659746612	0.886184138007055	0.599464285714286	0.21571953464781	0.47165885890604
m3	23	Egg	4	2	0.1	1.73967949231671	0.348852030729995	54.4106542064302	0.51919284896089	0.183452380952381	0.133758737381614	0.0265468884233211
m4	23	Egg	4	2	0.1	1.34540443802589	0.48527578652996	47.3334961251836	0.773957177703817	0.40702380952381	0.185060276193155	0.244413059421112
m5	23	Egg	4	2	0.1	1.32651106776866	0.365552375591931	43.000504354072	0.741915737926376	0.385579365079365	0.184284677673594	0.238079555787402
m6	23	Egg	4	2	0.1	0.781194343835733	0.28776310437556	48.7301167049216	0.920536584516848	0.638099206349206	0.175114086765816	0.517141100469999
m7	23	Egg	4	2	0.1	0.867058438770074	0.256997635093047	57.4601808395842	0.864286417876843	0.54665873015873	0.180580887175327	0.402560834531997
m1	24	Egg	4	2	0.1	0.751605422800132	0.304737513474263	74.7005878060509	0.929702853363568	0.718678571428571	0.173938596098367	0.618092966076605
m2	24	Egg	4	2	0.1	1.15886163332063	0.401344581464301	57.8190850406197	0.81973831342388	0.582384920634921	0.204973933093322	0.457260036947389
m3	24	Egg	4	2	0.1	1.6146926055539	0.311629326096557	55.8577463834944	0.592072420634921	0.23447619047619	0.161305667328756	0.0801901564509365
m4	24	Egg	4	2	0.1	0.873524129696093	0.285402676401042	46.6487274882858	0.875536861570025	0.581134920634921	0.186574679756876	0.442148648831661
m5	24	Egg	4	2	1e-04	0.571430624924189	0.284258982927037	41.1925522115276	0.912728381283069	0.60152380952381	0.180478122717119	0.48413921301891
m6	24	Egg	4	2	0.1	0.61472842554011	0.210602997618147	69.0365327958134	0.958846769702033	0.75097619047619	0.189798984043362	0.66525838573465
m7	24	Egg	4	2	0.1	1.03469573841486	0.390000274349269	50.3177662142702	0.86614807236552	0.591369047619048	0.24194993995256	0.479241494257146
m1	25	Egg	4	2	0.1	0.679843530903034	0.24637580734286	69.467400204629	0.940897399925178	0.726940476190476	0.212775506087932	0.64126076536889
m2	25	Egg	4	2	0.1	0.719444134696127	0.272767366238988	65.8206610747593	0.937588517449629	0.714793650793651	0.192296704280726	0.618590238609198
m3	25	Egg	4	2	0.1	1.59364240365099	0.333444118010988	51.3462336247449	0.573174499834656	0.27072619047619	0.160263257788894	0.107555867743214
m4	25	Egg	4	2	0.1	1.46530699004288	0.320310532013758	55.5150803818723	0.6861384363687	0.348742063492063	0.1637331356659	0.198111182900212
m5	25	Egg	4	2	0.1	1.31065833782743	0.252626198862145	47.9813147832374	0.709814194775132	0.369	0.172357070115689	0.221302043051204
m6	25	Egg	4	2	0.1	0.583771509253823	0.215586855281462	46.6090513334945	0.950568609022556	0.824337301587302	0.20174374795058	0.766162890061737
m7	25	Egg	4	2	0.1	0.659884862061288	0.244407946090653	41.004024284715	0.93015714707869	0.747809523809524	0.214310679428634	0.655908121655076
m1	26	Egg	4	2	0.1	1.16239675229162	0.372487999500363	69.3437031331461	0.809673982708777	0.550873015873016	0.198985632637323	0.423848327359765
m2	26	Egg	4	2	0.1	1.2707396102532	0.41506516258013	71.9123849619898	0.793458236882716	0.494563492063492	0.210358919833823	0.350838202718972
m3	26	Egg	4	2	0.1	1.88856955509002	0.288324070310286	65.2159478584467	0.375064432989691	0.0799801587301587	0.0941962983636978	-0.0959650689543262
m4	26	Egg	4	2	0.1	1.5667809446924	0.295439301967107	59.9940201942661	0.580230492827142	0.281698412698413	0.146448783133808	0.110596539282995
m5	26	Egg	4	2	0.1	1.32415606673623	0.273394770479022	48.0737178520367	0.690419799498747	0.362857142857143	0.182830560637997	0.203074045554928
m6	26	Egg	4	2	0.1	1.00323953407816	0.356023485447982	45.6376252360174	0.870167307374339	0.585345238095238	0.212705728199561	0.456030938307608
m7	26	Egg	4	2	0.1	1.19361497936449	0.39048531445798	45.5027054662397	0.810642926761348	0.559333333333333	0.234809807229936	0.43075894311681
m1	27	Egg	4	2	1e-04	0.495868365441053	0.623064706984595	48.0001255833128	0.981642101284958	0.870388888888889	0.175270188588552	0.827580086793452
m2	27	Egg	4	2	0.1	0.806392129927722	0.284120107946507	48.0001507362346	0.922870813560247	0.735674603174603	0.224131568828834	0.652969030411069
m3	27	Egg	4	2	0.1	1.71593238418708	0.312185758630189	53.1570331898137	0.554305760104729	0.164785714285714	0.142110661915157	-0.00205016305233821
m4	27	Egg	4	2	0.1	1.38439393634935	0.458450945005636	54.9249760154289	0.73917328042328	0.424630952380952	0.193048386389578	0.281830826912554
m5	27	Egg	4	2	0.1	1.32151351370551	0.297867516724456	47.9813146394195	0.70132574158505	0.334511904761905	0.16594295002128	0.179973786653841
m6	27	Egg	4	2	1e-04	0.477226909074701	0.471373671317977	36.1634033139678	0.9947133813843	0.844785714285714	0.175107805793027	0.776150476700854
m7	27	Egg	4	2	0.1	0.700697260960168	0.290878430532178	55.3771509659261	0.945510193811824	0.786289682539683	0.221748492792683	0.714318301965243
m1	28	Egg	4	2	0.1	1.12135296504034	0.492779028179419	68.4572799192716	0.854037800687285	0.590325396825397	0.238292892545849	0.473276492859615
m2	28	Egg	4	2	0.1	1.2762398300555	0.377802993164556	51.8190850430448	0.793186969521605	0.555952380952381	0.211065673375113	0.428307246442533
m3	28	Egg	4	2	0.1	1.84890968664412	0.286029414280569	59.6090195793292	0.500098128019324	0.142242063492063	0.130020593771373	-0.0133353664855718
m4	28	Egg	4	2	0.1	1.41905808511456	0.47691000455586	53.2793184503693	0.73893247955748	0.37856746031746	0.177347958947584	0.216395580845899
m5	28	Egg	4	2	0.1	1.21150726960305	0.345597571423565	45.0984045693748	0.791614847542683	0.440690476190476	0.196538562772397	0.300612453777044
m6	28	Egg	4	2	0.1	0.955655662352487	0.426850843543535	44.4525477632962	0.889239453168974	0.638595238095238	0.215523599683794	0.529078671240287
m7	28	Egg	4	2	0.1	1.12865743602587	0.383001581185696	44.3177662220367	0.829422683051715	0.571952380952381	0.250781738899167	0.463231733271386
m1	29	Egg	4	2	0.1	0.943457691806958	0.460058139644494	56.9534449816134	0.909191940665155	0.668285714285714	0.2184578950225	0.565196523587385
m2	29	Egg	4	2	0.1	1.01128435263103	0.372293774033882	56.996926828525	0.896826946924603	0.666464285714286	0.215752160845289	0.561593809738598
m3	29	Egg	4	2	0.1	1.67377773328086	0.440989467046005	48.1858839355889	0.558586516203704	0.222230158730159	0.162812043403447	0.0629706386831006
m4	29	Egg	4	2	0.1	1.33079064872567	0.374133524192326	53.2601624023136	0.742513401559454	0.437880952380952	0.185718631626116	0.278483278725011
m5	29	Egg	4	2	0.1	1.2553394611668	0.236320006143914	48.0701797174642	0.710542913635362	0.357924603174603	0.153592887264962	0.21289719338421
m6	29	Egg	4	2	0.1	0.889226235468211	0.332561194137319	46.498681194661	0.913592292587138	0.687464285714286	0.219020198670128	0.590021791302335
m7	29	Egg	4	2	0.1	1.02689009102752	0.345954943796175	46.4986811839283	0.879151949241235	0.628202380952381	0.246389193338997	0.52717247099161
m1	30	Egg	4	2	0.1	1.12491462215217	0.427582824040453	85.3149861856635	0.84800666830306	0.60697619047619	0.21081674651592	0.480289379032774
m2	30	Egg	4	2	0.1	1.26664990451795	0.411894989814838	82.814523011908	0.78181438526155	0.548484126984127	0.192574854717843	0.408073502135281
m3	30	Egg	4	2	0.1	1.71367346406771	0.327836712366116	61.294085162766	0.563786717132505	0.251162698412698	0.156013073065775	0.0941144324410236
m4	30	Egg	4	2	0.1	1.33942011690394	0.440493678637058	58.6355324285096	0.793981481481482	0.434444444444444	0.215602718608948	0.287041623515628
m5	30	Egg	4	2	0.1	1.19804119828566	0.301650639597222	45.0984053322783	0.761807138635596	0.464075396825397	0.186666176999559	0.313504402779973
m6	30	Egg	4	2	0.1	0.929251732929838	0.360127238482279	56.4397332218846	0.906185428849902	0.656821428571429	0.218714577254526	0.555167854436541
m7	30	Egg	4	2	0.1	1.14706562800931	0.344085095399482	51.7059419667219	0.816725304096438	0.536944444444444	0.215930734845881	0.407433017736055
m1	31	Egg	4	2	1e-04	0.251398894030239	0.361928693719117	56.1395337362604	0.996271670606777	0.852507936507937	0.211973634665114	0.807373552052193
m2	31	Egg	4	2	1e-04	0.555063832710527	0.877006094355171	36.0001452544775	0.974752652183208	0.893202380952381	0.155790812822083	0.853556034554288
m3	31	Egg	4	2	0.1	1.63781813350339	0.256885829834988	49.9242773880313	0.557907572751323	0.195365079365079	0.15026110870057	0.0587369052811791
m4	31	Egg	4	2	0.1	1.16072874653604	0.339604041568497	46.7633139924256	0.809606309248236	0.46327380952381	0.200240096656224	0.325609734761494
m5	31	Egg	4	2	0.1	1.1699851493689	0.306763809250353	45.183649742404	0.798292954608744	0.407	0.176899037388516	0.258360730145172
m6	31	Egg	4	2	1e-04	0.186807155380787	0.355294034895669	50.3785546944308	0.998969072164948	0.897761904761905	0.163317749155913	0.854183384880794
m7	31	Egg	4	2	0.1	0.522915037651379	0.206644109126999	47.8069251594047	0.977581627680312	0.864396825396825	0.192909277846009	0.823132968598826
m1	32	Egg	4	2	0.1	1.0328050433341	0.371674971779663	68.0293601667532	0.873149341351661	0.624555555555556	0.218443766352247	0.516016585775434
m2	32	Egg	4	2	0.1	1.1936259427332	0.401956179415002	49.2712699203537	0.802764724310777	0.577492063492064	0.220154117777035	0.462247361829408
m3	32	Egg	4	2	0.1	1.82481327179891	0.291808159083562	56.5239986092489	0.427689938822751	0.0978452380952381	0.104634156089816	-0.0366476752483558
m4	32	Egg	4	2	0.1	1.42915931766578	0.34323091940262	56.4546175500785	0.697147050400916	0.374535714285714	0.17292225903471	0.212421392423534
m5	32	Egg	4	2	0.1	1.2361744606443	0.321822732435311	45.0984045693748	0.784364094337499	0.415488095238095	0.185476197636998	0.280297197954394
m6	32	Egg	4	2	0.1	0.876584954402498	0.339440089705067	44.4448191181402	0.912478716368344	0.648972222222222	0.239791583429102	0.545426035055106
m7	32	Egg	4	2	0.1	1.00565424541609	0.331703051213149	40.4107588298327	0.860837215320911	0.65884126984127	0.236548615481469	0.563823295378578
m1	33	Egg	4	2	0.1	1.04961143336708	0.366905084165153	79.1822952313637	0.852272173489279	0.566238095238095	0.199489539601359	0.426247043953854
m2	33	Egg	4	2	0.1	1.32352800734667	0.430082102012208	76.862033715381	0.761320996652629	0.473702380952381	0.221500586630574	0.327368378083112
m3	33	Egg	4	2	0.1	1.86093374506588	0.246297907394673	59.6409493864715	0.398027482269504	0.101190476190476	0.11386591893921	-0.0528559987851053
m4	33	Egg	4	2	0.1	1.40979148823177	0.36125479690271	56.5121470595125	0.695315923788146	0.340238095238095	0.181816750263496	0.170260228763975
m5	33	Egg	4	2	0.1	1.13323725169839	0.318667739867685	45.183649742404	0.803721838197645	0.430436507936508	0.196882495228498	0.277140506236759
m6	33	Egg	4	2	0.1	1.00864067409052	0.364638419417797	67.6111271050612	0.881699465500486	0.604904761904762	0.213342365321929	0.481115890114095
m7	33	Egg	4	2	0.1	1.08248520824132	0.340602961536781	51.5027054584469	0.852824944305207	0.56975	0.227396854745877	0.444619116859561
m1	34	Egg	4	2	0.1	1.29729955510691	0.456471542262265	82.3509296765642	0.755414055973266	0.485186507936508	0.189169121936035	0.336549839722169
m2	34	Egg	4	2	0.1	1.38188648929552	0.424096695503966	79.9367933330943	0.724986738040123	0.362464285714286	0.154421521634742	0.183048444490497
m3	34	Egg	4	2	0.1	1.70848147485298	0.353595658155739	61.7077869919213	0.521481380250513	0.218690476190476	0.178264245969955	0.0428162024378164
m4	34	Egg	4	2	0.1	1.43124001446139	0.312132182818138	62.5408886546504	0.710045642188499	0.345246031746032	0.199720015553825	0.191802652411944
m5	34	Egg	4	2	0.1	1.25997509814582	0.345268498490148	45.0984053322783	0.774162429728836	0.445297619047619	0.197721027655892	0.313806723961423
m6	34	Egg	4	2	0.1	1.15908664003184	0.327571709321725	55.1833475741202	0.813247425613017	0.479238095238095	0.181304902056074	0.340042129748216
m7	34	Egg	4	2	0.1	1.31523231728219	0.360095735490793	51.1058909884257	0.744133423837371	0.410940476190476	0.17772331022123	0.266136845692025
m1	35	Egg	4	2	0.1	0.76584805715082	0.297640246845111	69.3276814308963	0.926600735780423	0.697492063492063	0.204797579585193	0.597448855660018
m2	35	Egg	4	2	0.1	0.991410846655095	0.335013389020415	67.590801993243	0.855207995896771	0.623071428571429	0.238452387122646	0.511578995488134
m3	35	Egg	4	2	0.1	1.5370946665657	0.352753264960666	59.2108602339182	0.663501511715797	0.319892857142857	0.196316436793565	0.16362204196992
m4	35	Egg	4	2	0.1	1.09464964302139	0.431166079286251	59.4620308284303	0.864745043316472	0.528996031746032	0.180258754156161	0.380343438539929
m5	35	Egg	4	2	0.1	1.10772919737297	0.284650354185514	45.183649742404	0.790691665259484	0.433154761904762	0.164394555662556	0.279523924481455
m6	35	Egg	4	2	0.1	0.68472385427587	0.232753689064037	45.945269288427	0.953496086292478	0.727107142857143	0.199051774178112	0.640847571859634
m7	35	Egg	4	2	0.1	0.835370845128092	0.269570834912553	40.498681194038	0.882626956853761	0.692904761904762	0.202735515457652	0.58582533281432
m1	36	Egg	4	2	1e-04	0.263066533441823	0.346977709634523	72.7257548725575	0.998088410991637	0.870710317460317	0.183372203968221	0.827757349830213
m2	36	Egg	4	2	1e-04	0.377472702496568	0.538054146619408	54.1656455027303	0.994613834008781	0.874611111111111	0.161930283374251	0.821623947064857
m3	36	Egg	4	2	0.1	1.58751914888324	0.346711073571962	59.2108602339182	0.646484651993673	0.298222222222222	0.180104578388341	0.139568956532589
m4	36	Egg	4	2	0.1	1.37660807072843	0.321634745766775	59.1408755229239	0.717909329530423	0.413948412698413	0.185901173550894	0.245959830797035
m5	36	Egg	4	2	0.1	1.28258909164358	0.284394862833422	48.0701797174641	0.722287489557226	0.354134920634921	0.16157627729918	0.21285929159576
m6	36	Egg	4	2	1e-04	0.18613671299796	0.256093986610207	55.4463132879928	1	0.891178571428571	0.195800049365186	0.854479545804336
m7	36	Egg	4	2	0.1	0.530967292230235	0.259193750281803	51.7178147521722	0.990783014236623	0.829273809523809	0.183817060705124	0.76862583692568
m1	37	Egg	4	2	0.1	0.574358736973098	0.291542258921294	67.4816089217748	0.980494872634048	0.818448412698413	0.183541548819756	0.75282973123374
m2	37	Egg	4	2	0.1	0.966283035918982	0.465158927476909	48.258917838382	0.937886730715678	0.674027777777778	0.22562855031285	0.574376351754783
m3	37	Egg	4	2	0.1	1.73104069444212	0.299149293552499	53.1570331898136	0.53654567805383	0.145595238095238	0.133440066278439	0.00479822032306722
m4	37	Egg	4	2	0.1	0.844144584921583	0.2677361522207	47.1926120110522	0.891766885325559	0.627829365079365	0.171439006288378	0.506672856300714
m5	37	Egg	4	2	0	0.444462073956961	0.215803613585371	47.0039855332364	0.912374739458073	0.665781746031746	0.157354527427133	0.544778244992518
m6	37	Egg	4	2	0.1	0.475804071096108	0.220374544780602	55.7652928605388	0.994763321995465	0.84737987012987	0.175920695506315	0.796220205391655
m7	37	Egg	4	2	0.1	0.92973202656373	0.365729235355959	43.6381700863838	0.907577306716337	0.594376984126984	0.214932878170055	0.476152251911755
m1	38	Egg	4	2	0.1	1.319124946774	0.422466785874661	76.4208462756582	0.801686330147352	0.491496031746032	0.203508096014439	0.351361617583402
m2	38	Egg	4	2	0.1	1.36305861685339	0.485869285988792	73.1234082279349	0.768249877270496	0.511619047619048	0.219851681721249	0.3784202827123
m3	38	Egg	4	2	0.1	1.862534143911	0.323010870572022	57.2710792067331	0.43819137620684	0.125345238095238	0.133295566762743	-0.0263873221250863
m4	38	Egg	4	2	0.1	1.63241403884325	0.335434648262893	60.2737025214435	0.656613587895476	0.277448412698413	0.15839456722952	0.121491776231389
m5	38	Egg	4	2	0.1	1.43852055794325	0.371674725147377	48.993009699157	0.745136890226176	0.313857142857143	0.160186815454738	0.177956834937675
m6	38	Egg	4	2	0.1	1.18709684181067	0.5352388405202	52.6880484353363	0.824529366443026	0.515599206349206	0.230915095549929	0.375111538849787
m7	38	Egg	4	2	0.1	1.17054557648677	0.413613221920823	46.5492017822549	0.815363967691095	0.532428571428571	0.228463623967974	0.406684477942966
m1	39	Egg	4	2	0.1	1.08523063272556	0.458045658442836	74.1901390109126	0.845339517536682	0.585440476190476	0.18535664857211	0.45411150305898
m2	39	Egg	4	2	0.1	1.150742415603	0.418849713015837	76.649367155165	0.811050485008818	0.496416666666667	0.191786132286918	0.346303164002505
m3	39	Egg	4	2	0.1	1.62095436414607	0.271857090921338	60.9767352295309	0.5817652046043	0.222369047619048	0.142088006361548	0.0578511298764156
m4	39	Egg	4	2	0.1	1.30250572022152	0.295474683290714	62.1582975758898	0.722660900297619	0.361785714285714	0.170712045055778	0.208284350440932
m5	39	Egg	4	2	0.1	1.17851235823475	0.294664696415986	45.0984045693748	0.767587948100589	0.425630952380952	0.186194238581896	0.277808636285157
m6	39	Egg	4	2	0.1	1.03643210697043	0.369753354034728	48.2494597839032	0.853365726517608	0.558384920634921	0.214111278051803	0.422369265566218
m7	39	Egg	4	2	0.1	1.06715434344855	0.344667906598192	48.3324342450445	0.848171818434976	0.527670634920635	0.21162582514084	0.400313826697338
m1	40	Egg	4	2	0.1	1.04872898139025	0.371751053113355	74.4760400381024	0.833947000385802	0.596027777777778	0.215110405230567	0.470737031813213
m2	40	Egg	4	2	0.1	1.16886222117202	0.420295964534796	70.2131986131858	0.83223259066358	0.576674603174603	0.232476406361428	0.456142987554379
m3	40	Egg	4	2	0.1	1.69570000771649	0.324853304235527	54.0153494807422	0.5509315510282	0.293130952380952	0.172661200920355	0.113704181653671
m4	40	Egg	4	2	0.1	1.46052901549467	0.315917891865332	66.6947761651454	0.673457291165624	0.321484126984127	0.169474992543345	0.156811452866549
m5	40	Egg	4	2	1e-04	1.09254569599285	0.317515999644795	50.3666959298577	0.745577601410935	0.352670634920635	0.169803653376618	0.21772019778548
m6	40	Egg	4	2	0.1	0.877625275677996	0.275014823162406	52.4107588090077	0.872801270392416	0.678003968253968	0.237504399285292	0.584345677711963
m7	40	Egg	4	2	0.1	1.05874476890318	0.340070979885136	46.4107588197608	0.853796192956349	0.58602380952381	0.236644971050435	0.478606313937626
m1	41	Egg	4	2	0.1	1.06237857523982	0.369509516214003	80.0649070982775	0.840286596119929	0.554031746031746	0.234563606156301	0.42450944201958
m2	41	Egg	4	2	0.1	1.19277342863269	0.365698034237426	76.7045074640157	0.821761597456042	0.578738095238095	0.235623535277747	0.459488963444684
m3	41	Egg	4	2	0.1	1.8898802343604	0.307851191883273	59.640949389822	0.391211361737678	0.103369047619048	0.116147091186304	-0.0525293002146475
m4	41	Egg	4	2	0.1	1.58329807253617	0.388005306707114	65.4236572463446	0.635916202984817	0.251087301587302	0.171780013490977	0.0995084184013144
m5	41	Egg	4	2	0.1	1.34417220156048	0.259042109186007	48.0701797174643	0.69673463356974	0.291638888888889	0.179449263558868	0.163193817083601
m6	41	Egg	4	2	0.1	0.922348756544065	0.331961538590955	51.6180435578543	0.89009693287037	0.635777777777778	0.244133729142956	0.525645425275811
m7	41	Egg	4	2	0.1	0.970415657025398	0.309249204468175	46.4107588197608	0.86589973812196	0.655746031746032	0.216950657571629	0.552200242478463
m1	42	Egg	4	2	0.1	0.908690177171898	0.308854538311101	66.2650344387875	0.868987788414335	0.549214285714286	0.172510931294147	0.406586808928268
m2	42	Egg	4	2	0.1	1.01730755122143	0.350776929643556	68.7418278549628	0.828161648393607	0.486253968253968	0.190406629113169	0.320857428657236
m3	42	Egg	4	2	0.1	1.77814224764848	0.296849202614732	64.3412680762167	0.472667595406957	0.118662698412698	0.114025104237041	-0.0270307672392849
m4	42	Egg	4	2	0.1	1.43650640347725	0.359469162060206	57.9424813303743	0.662132461583924	0.285146825396825	0.158090705862401	0.12848768356756
m5	42	Egg	4	2	0.1	1.28713310616302	0.317279980801541	48.0642527497102	0.715746024927726	0.323380952380952	0.184865083407317	0.180364710193844
m6	42	Egg	4	2	0.1	0.766429447949662	0.278117507551552	54.8677815727261	0.895757991054383	0.585547619047619	0.191563307346425	0.462077967233634
m7	42	Egg	4	2	0.1	0.878042936389485	0.255739498862756	57.4601808395842	0.872795592251237	0.539809523809524	0.168800020560028	0.382307988613351
m1	43	Egg	4	2	0.1	1.05815919912692	0.464186717818773	67.584791609188	0.86868110670194	0.602257936507936	0.204871395499266	0.473266368820277
m2	43	Egg	4	2	0.1	1.23232068797636	0.467492202127102	65.2699335552236	0.779737778047727	0.482873015873016	0.19856669284542	0.327902685176865
m3	43	Egg	4	2	0.1	1.59689266054012	0.352328457022505	49.9123052323196	0.591542658730159	0.277845238095238	0.161280636345333	0.106895698237452
m4	43	Egg	4	2	0.1	1.27715100706578	0.44417740957271	57.6166514176831	0.784611936126111	0.414345238095238	0.157884686890964	0.256682606935304
m5	43	Egg	4	2	0.1	1.18472985263551	0.323703889762491	39.0985832448023	0.770069995590829	0.478916666666667	0.170257838238013	0.33044299459619
m6	43	Egg	4	2	0.1	0.982487477402013	0.372922388131143	46.667902380963	0.879269005847953	0.609619047619048	0.187205388997398	0.488943642079702
m7	43	Egg	4	2	0.1	1.00392005481827	0.353288918745534	42.317659257	0.835420842018064	0.625365079365079	0.184458993928172	0.49851344213169
m1	44	Egg	4	2	0.1	1.23391365103786	0.425851717727895	70.4736522978221	0.768261104149262	0.47327380952381	0.216791200421673	0.327235638144339
m2	44	Egg	4	2	0.1	1.34580508010017	0.401183085279479	73.1413659798361	0.719045485577744	0.410698412698413	0.200309777311806	0.250003851468716
m3	44	Egg	4	2	0.1	1.87267039576986	0.322287582222326	57.8629581657069	0.384076325565687	0.0786666666666667	0.0892145266955863	-0.0664488830529205
m4	44	Egg	4	2	0.1	1.56049699241455	0.3306851688316	59.9068023591251	0.604442756558642	0.279984126984127	0.172256615863803	0.1013117735052
m5	44	Egg	4	2	0.1	1.27243677204299	0.302150833703551	47.9813147832374	0.724113475177305	0.369781746031746	0.180480596200329	0.218790254093216
m6	44	Egg	4	2	0.1	1.069505117587	0.322236089546599	48.2615046156716	0.842210345906583	0.539880952380952	0.176555033775426	0.406571336595588
m7	44	Egg	4	2	0.1	1.21356580031342	0.355112685589955	48.3500405640286	0.787084056712963	0.502261904761905	0.187182127079118	0.353655061704691
m1	45	Egg	4	2	0.1	0.956703564003706	0.492355458548157	60.1622455277335	0.870240794730591	0.664285714285714	0.223280437528067	0.557575688374273
m2	45	Egg	4	2	0.1	0.912346321775582	0.373264675296826	62.9350562717127	0.884029536755601	0.693333333333333	0.232433218343435	0.592846907787059
m3	45	Egg	4	2	0.1	1.8939738400084	0.334221007328399	57.8629581657069	0.375926274018379	0.0746785714285714	0.0931932126854185	-0.0649693149749012
m4	45	Egg	4	2	0.1	1.15460399131895	0.318240706073065	45.0333185616996	0.793432506279728	0.511678571428571	0.144297264085613	0.361310696888234
m5	45	Egg	4	2	0.1	1.05375228335479	0.350357497700895	35.3694412355338	0.828521314023891	0.563845238095238	0.164327330805325	0.430680388566605
m6	45	Egg	4	2	0.1	0.848771768848795	0.338898103340948	38.4361395800057	0.899280226274907	0.706884920634921	0.203017562645256	0.608784419247463
m7	45	Egg	4	2	0.1	0.896394850842765	0.338433917158106	38.5012826264224	0.907519640852974	0.694964285714286	0.210198051289396	0.597148859097879
m1	46	Egg	4	2	0.1	1.22065540583252	0.36888727534461	80.5875001516754	0.78448852479136	0.511496031746032	0.204740428385719	0.365722562740123
m2	46	Egg	4	2	0.1	1.34115156933485	0.397743103781347	76.7433795886696	0.804509456990127	0.456666666666667	0.19309230373277	0.31043120714109
m3	46	Egg	4	2	0.1	1.70916750870979	0.333012597290464	61.7077869919213	0.542134607726006	0.212607142857143	0.137378938645592	0.0561920362684623
m4	46	Egg	4	2	0.1	1.56687805790793	0.315058957820163	64.3771610001997	0.64070407752473	0.263059523809524	0.159490284485252	0.0991821641004431
m5	46	Egg	4	2	0.1	1.37738241260371	0.325456452925298	53.9813126404226	0.682236050986051	0.328357142857143	0.152916194488792	0.187886776529569
m6	46	Egg	4	2	0.1	1.03917336435731	0.343298429760393	57.6267129144782	0.843529483430799	0.592742063492063	0.206834210173148	0.464521821987385
m7	46	Egg	4	2	0.1	1.12048749463152	0.326598022678002	51.5027054589869	0.8439552310042	0.574595238095238	0.21131073274319	0.460976813478137
m1	47	Egg	4	2	0.1	0.798089076871994	0.31657763508661	65.094576372341	0.909594597387566	0.701595238095238	0.199711063592916	0.603837401190184
m2	47	Egg	4	2	0.1	0.830997906074814	0.287790823133229	46.0550045738192	0.885435637705375	0.671777777777778	0.211515003848149	0.564841224622985
m3	47	Egg	4	2	0.1	1.70776663119123	0.336485924025387	51.345932235176	0.596360367063492	0.215940476190476	0.134604549803279	0.064602706097485
m4	47	Egg	4	2	0.1	1.53846207631482	0.339916472263625	53.3259783417113	0.678200438161376	0.297257936507937	0.177191469296987	0.137702819351069
m5	47	Egg	4	2	0.1	1.39349435904544	0.30002183067844	44.834162460496	0.696864708184861	0.311734126984127	0.159492579873822	0.172357614751582
m6	47	Egg	4	2	0.1	0.647943999179912	0.255456382360055	40.6230495804924	0.940852560955654	0.777892857142857	0.199997011976923	0.707335920033445
m7	47	Egg	4	2	0.1	0.647250690093256	0.227028799955704	34.6877052504869	0.942315428462336	0.819380952380952	0.189664658300899	0.75310783735227
m1	48	Egg	4	2	0.1	0.86638080033398	0.391858746565084	59.5939093783856	0.905458611807296	0.710789682539683	0.211171413622431	0.60065154803588
m2	48	Egg	4	2	0.1	0.794457381792029	0.307949367470864	39.0250600889368	0.924447403230298	0.729857142857143	0.207007574736849	0.635804603150902
m3	48	Egg	4	2	0.1	1.59358031407614	0.290747402985376	49.9121670850776	0.588057296017822	0.262670634920635	0.156769458524193	0.105319459456685
m4	48	Egg	4	2	0.1	1.43622726128441	0.405003527291414	50.5375846466746	0.707316553482791	0.394265873015873	0.174308535262364	0.230546690852211
m5	48	Egg	4	2	0.1	1.23772593770971	0.360115442654467	39.0985832448023	0.760389464925755	0.453111111111111	0.186347685291648	0.308860733411308
m6	48	Egg	4	2	0.1	0.723682782482468	0.310841387235414	48.205427102981	0.945267925325915	0.79327380952381	0.218637887114722	0.724466542817822
m7	48	Egg	4	2	0.1	0.732037265918107	0.27554518279501	29.0040263960129	0.936453901434572	0.852666666666667	0.200894088233094	0.801472257606137
m1	49	Egg	4	2	0.1	1.22696112570156	0.410678702077696	76.0375477466951	0.76277801641848	0.504035714285714	0.183923007927862	0.351593290882104
m2	49	Egg	4	2	0.1	1.27500198603825	0.351679274463755	56.6808629554615	0.73738797106144	0.457373015873016	0.180757240057212	0.292178776425311
m3	49	Egg	4	2	0.1	1.6832228442325	0.309271546302303	57.4475518936707	0.52236949762723	0.173642857142857	0.140984072820567	0.0129112253341087
m4	49	Egg	4	2	0.1	1.51360600612819	0.326774049054608	65.967648175815	0.592113436153385	0.241769841269841	0.144127797931943	0.0757548360231903
m5	49	Egg	4	2	0.1	1.32775516606288	0.254057782050108	53.981312632761	0.695955230496454	0.316380952380952	0.158372624027677	0.179189057085729
m6	49	Egg	4	2	0.1	1.0492898546793	0.30170989923545	54.1368512662799	0.846268448900028	0.533956349206349	0.197176550559634	0.399155020119527
m7	49	Egg	4	2	0.1	1.16736272160037	0.281061471209714	48.3500405640286	0.789630097268986	0.473011904761905	0.18530359794706	0.312193381815416
m1	50	Egg	4	2	0.1	0.761608815068215	0.328438845291849	66.1361938399551	0.970518828098615	0.70693253968254	0.2261511661396	0.618204781772684
m2	50	Egg	4	2	0.1	0.727400547170873	0.250408113010606	60.0001326747158	0.964328529657477	0.7605	0.228182124225127	0.692416883438827
m3	50	Egg	4	2	0.1	1.60176428352463	0.408350289510129	48.0994520258885	0.60065353460972	0.287599206349206	0.175098752429963	0.134581627771785
m4	50	Egg	4	2	0.1	1.25323207254394	0.382767855405454	49.978458098922	0.813541838899912	0.551920634920635	0.222206508411645	0.419972581839107
m5	50	Egg	4	2	0.1	1.3718036375847	0.334526842216404	48.9174911090125	0.721727060707324	0.324746031746032	0.180218364348643	0.18322769565945
m6	50	Egg	4	2	1e-04	0.619200897731659	0.70085480725147	54.1638540049193	0.988454270597128	0.832273809523809	0.196226913773896	0.770679468388207
m7	50	Egg	4	2	0.1	0.724919453813917	0.267232719769836	61.0069152023077	0.947011064263668	0.784924603174603	0.21558440313885	0.716224194122876
m1	51	Egg	4	2	0.1	1.27528090003606	0.410148767090759	83.6867616881858	0.761580513784461	0.434678571428571	0.177275775381515	0.268794114700592
m2	51	Egg	4	2	0.1	1.33233640994941	0.410976650028191	59.0903549875497	0.763695419462172	0.396452380952381	0.178862684642719	0.235929552458022
m3	51	Egg	4	2	0.1	1.84962613033863	0.296702195039695	55.8725541874757	0.454146515376984	0.120952380952381	0.110867695875471	-0.0520970786782049
m4	51	Egg	4	2	0.1	1.62520081670767	0.384098967972713	61.5289046131889	0.617438857930879	0.291976190476191	0.184819862118176	0.121328473457698
m5	51	Egg	4	2	0.1	1.42417568037936	0.312652324831313	50.827330558692	0.69812713569224	0.299440476190476	0.164064711039877	0.144930875031395
m6	51	Egg	4	2	0.1	1.1837580292952	0.34424237967065	63.2190489375816	0.808539578111947	0.440369047619048	0.203560429607591	0.294748393054558
m7	51	Egg	4	2	0.1	1.14269478027473	0.36637711889874	52.6355324227128	0.789536068355513	0.492611111111111	0.180341853246303	0.334089537955884
m1	52	Egg	4	2	1e-04	0.472803908472769	0.661283091190401	56.779076822181	0.984483506944444	0.877380952380952	0.178245770426661	0.826584379588452
m2	52	Egg	4	2	0.1	0.680095339017383	0.265165072104248	42.2203618003658	0.965398795451987	0.755992063492063	0.237000640463307	0.684594842755421
m3	52	Egg	4	2	0.1	1.30465561883225	0.336818230693954	40.9408920335501	0.760524395898107	0.381321428571429	0.199652669082096	0.237858099942165
m4	52	Egg	4	2	0.1	1.03005380287861	0.312741182893923	44.6640010608732	0.83405361276455	0.511047619047619	0.200990617992577	0.366674699055122
m5	52	Egg	4	2	0	1.0795405627089	0.326321205277356	44.3667484243632	0.726190476190476	0.37756746031746	0.180549203374369	0.232521159590896
m6	52	Egg	4	2	0.1	0.58688799834307	0.203354962422766	47.3413621128825	0.944260561968895	0.830329365079365	0.195776500752239	0.772370752247563
m7	52	Egg	4	2	0.1	0.743644630812338	0.269563438662378	35.0040242645246	0.911409257852077	0.735238095238095	0.211407978946825	0.646936285420952
m1	53	Egg	4	2	0.1	0.84631245761797	0.37435631401105	65.6041407903346	0.909989945753835	0.681912698412698	0.222703433062918	0.581625880894066
m2	53	Egg	4	2	0.1	1.11279086680255	0.39927356249454	49.0433739325962	0.775964393693986	0.498178571428571	0.189014083479002	0.338340437034459
m3	53	Egg	4	2	0.1	1.41558309196546	0.325888004931139	48.6598860495851	0.67098036496558	0.261992063492063	0.154866236215846	0.116863325776519
m4	53	Egg	4	2	0.1	0.995043902991759	0.326259801088495	53.7716184709519	0.844274878982326	0.51497619047619	0.173084383816967	0.376005588730195
m5	53	Egg	4	2	0.1	1.02982962435654	0.303569262779642	41.3693358319604	0.842102130325814	0.528869047619048	0.189672211433824	0.399834509416312
m6	53	Egg	4	2	0.1	0.851018973373902	0.313736441333929	61.5230992265655	0.916708940162548	0.674702380952381	0.225886062275139	0.577283602765712
m7	53	Egg	4	2	0.1	1.15475898729855	0.344055659783077	48.351481350699	0.797919872314005	0.531738095238095	0.222893813414603	0.404861924601704
m1	54	Egg	4	2	0.1	1.10024924241727	0.415895558389324	74.2328323998236	0.865913146219136	0.59775	0.232704233293314	0.480654964052906
m2	54	Egg	4	2	0.1	1.17529659455663	0.382499308689358	71.2386593506144	0.838817126220477	0.535011904761905	0.235149045522733	0.409883849112601
m3	54	Egg	4	2	0.1	1.7207118313871	0.342957012889883	51.2715935277623	0.592615373309818	0.224738095238095	0.16029784624363	0.0666332522838379
m4	54	Egg	4	2	0.1	1.5274051131835	0.35143989391681	60.3807144203492	0.686152615808228	0.324642857142857	0.173896765614762	0.152937423149737
m5	54	Egg	4	2	0.1	1.45647578313026	0.303214211710936	50.827330558692	0.66291335978836	0.281984126984127	0.133172401676255	0.129167413475826
m6	54	Egg	4	2	0.1	0.963214954596786	0.292189820357276	57.6279658925929	0.879178627715862	0.633980158730159	0.224155697645957	0.519726151524186
m7	54	Egg	4	2	0.1	1.00438168722507	0.332447064395157	46.410758827055	0.850789517195767	0.653710317460317	0.229511519836242	0.547375175192346
m1	55	Egg	4	2	1e-04	0.203253159317714	0.2144254812406	61.5307687735746	0.996027479091995	0.888829365079365	0.172978859737916	0.848428924765361
m2	55	Egg	4	2	0.1	0.617417578734751	0.246540222325648	42.1994715457653	0.964068304626815	0.778869047619048	0.185706683207323	0.701700520426289
m3	55	Egg	4	2	0.1	1.35421487100059	0.293980388247907	58.4392586590546	0.769539264118346	0.392761904761905	0.196581934678841	0.244416395739053
m4	55	Egg	4	2	0.1	1.06785180083706	0.246312591906532	51.6891483663347	0.829617697594502	0.464293650793651	0.193237279680975	0.320115350085531
m5	55	Egg	4	2	0.1	1.24814281943281	0.243526372724744	48.0642527497102	0.707775425462281	0.313992063492063	0.151326510353685	0.167724251445154
m6	55	Egg	4	2	1e-04	0.0984220282365428	0.242798347301721	50.6451354925068	0.998842592592593	0.925174603174603	0.151972853195716	0.898062781951427
m7	55	Egg	4	2	1e-04	0.40366725747999	0.690446693428966	47.8069251594047	0.980321737692662	0.89102380952381	0.202051582416433	0.862308458887299
m1	56	Egg	4	2	0.1	0.640766817668616	0.296412806231027	68.6319294837842	0.954459118716931	0.778742063492064	0.216084567568006	0.708791770405265
m2	56	Egg	4	2	0.1	0.810085663170502	0.366141448613261	66.9197763823843	0.908863286150657	0.672615079365079	0.18102322934465	0.561534805861483
m3	56	Egg	4	2	0.1	1.72645316257909	0.228448921901458	56.596170086949	0.433800869638636	0.106452380952381	0.106433058519677	-0.0547498614144012
m4	56	Egg	4	2	0.1	1.11276022459076	0.520612040452329	42.4809132285942	0.83569758260447	0.550488095238095	0.195921232892015	0.416321916951618
m5	56	Egg	4	2	0.1	0.987020380958306	0.293922309688071	35.3694412355338	0.841119027577361	0.578916666666667	0.176121017648664	0.444947352047598
m6	56	Egg	4	2	0.1	0.592481089495502	0.243490015332164	45.9290092718156	0.970912968361948	0.794115079365079	0.171315679658286	0.718429785930462
m7	56	Egg	4	2	0.1	0.706786321503004	0.272955980175095	41.5451774852482	0.912583877590388	0.710678571428571	0.175436279458411	0.61414301153437
m1	57	Egg	4	2	0.1	0.720177399042626	0.315611029410451	69.2260392743974	0.937677077999659	0.705059523809524	0.220175808242918	0.599289108217318
m2	57	Egg	4	2	0.1	0.855957249705858	0.270736893984007	67.2583308756082	0.887457960430035	0.61775	0.201374367363625	0.483326017950672
m3	57	Egg	4	2	0.1	1.62547315643649	0.357720426332146	60.0201950809913	0.612001411389298	0.27384126984127	0.156496628197627	0.109748169300041
m4	57	Egg	4	2	0.1	1.20612167177135	0.41792539496661	60.8475480971822	0.794488242992232	0.431416666666667	0.195420284117955	0.286400247870701
m5	57	Egg	4	2	0.1	1.14549676020144	0.291461378520495	45.1836497424039	0.802856404086457	0.415325396825397	0.184437384012878	0.271494426465626
m6	57	Egg	4	2	0.1	0.702912058492292	0.274743099157144	45.945269288427	0.952059298805433	0.714	0.197860278596561	0.617343615722421
m7	57	Egg	4	2	0.1	0.835687415505194	0.258629617436777	40.498681194038	0.89752844590217	0.695507936507937	0.171203129395301	0.591160292451878
m1	58	Egg	4	2	0.1	0.661546819235515	0.340149764807293	60.1309505867871	0.960864128637566	0.803484126984127	0.199720386685179	0.740224977491117
m2	58	Egg	4	2	0.1	0.677263046846554	0.259970639676191	60.18538679411	0.97179182700016	0.777261904761905	0.19483428982128	0.703674542991953
m3	58	Egg	4	2	0.1	1.41422044490793	0.330493196516035	57.4959446376926	0.684540006478782	0.380765873015873	0.197217874741303	0.212586494644774
m4	58	Egg	4	2	0.1	1.22327043234963	0.374919134999551	54.6421943629879	0.777629829420194	0.52947619047619	0.188528637751857	0.397064575472536
m5	58	Egg	4	2	0.1	1.36048513413711	0.320477024324677	53.9813126404226	0.688052868716931	0.31947619047619	0.166135906754212	0.182595947763901
m6	58	Egg	4	2	1e-04	0.572855232039446	0.449039592400317	48.1572582584719	0.990117888507064	0.798773809523809	0.190525445696844	0.727679523405742
m7	58	Egg	4	2	0.1	0.713864006775094	0.273029255443909	60.1494676765069	0.952448794523537	0.752095238095238	0.225559556523368	0.675131461546164
m1	59	Egg	4	2	0.1	0.840210537288952	0.407458077095929	55.3357244769254	0.907472511574074	0.73393253968254	0.223648055326569	0.647762437199786
m2	59	Egg	4	2	0.1	0.872682666042469	0.313106509258036	56.707495970259	0.898058571719286	0.713873015873016	0.218003652862302	0.611644131285707
m3	59	Egg	4	2	0.1	1.40827179227927	0.23264222179513	48.5192499926341	0.643651837928154	0.323666666666667	0.155176884711974	0.169490149018835
m4	59	Egg	4	2	0.1	1.04839688810102	0.299299430438248	36.8071774172645	0.818105496166721	0.539511904761905	0.198376165107019	0.398429897053973
m5	59	Egg	4	2	0	1.05620184750576	0.297202734864675	38.4350144441811	0.758424357715595	0.385170634920635	0.140414621320754	0.242694432942259
m6	59	Egg	4	2	0.1	0.90504636035162	0.303781780941963	43.4822428389575	0.861674449521672	0.606555555555556	0.210071101866467	0.493288415202074
m7	59	Egg	4	2	0.1	0.934040048769991	0.284386650067844	43.5161099603046	0.864526496362434	0.616555555555556	0.177854832816404	0.49986241490944
m1	60	Egg	4	2	0.1	1.28679006477044	0.45915063873598	65.745013926381	0.828681032836961	0.478654761904762	0.192499494309282	0.339640230896228
m2	60	Egg	4	2	0.1	1.15135736854343	0.424520253576145	59.5451774937911	0.865292223614592	0.557035714285714	0.226065260840263	0.43736170816033
m3	60	Egg	4	2	0.1	1.75978534410956	0.398107758585667	52.0310310641834	0.532334482038429	0.181892857142857	0.140821261045599	0.0246158318105738
m4	60	Egg	4	2	0.1	1.66373746458721	0.381418256437472	68.8446842281882	0.609437308549151	0.25343253968254	0.163168141113609	0.0942416808368618
m5	60	Egg	4	2	0.1	1.43871005304714	0.312061829868552	50.8318805002851	0.686945064484127	0.320123015873016	0.166724055174992	0.175479747523891
m6	60	Egg	4	2	0.1	1.14990997371686	0.4757164405151	54.7301167211669	0.830611124747723	0.556349206349206	0.195017512075088	0.418565014675259
m7	60	Egg	4	2	0.1	1.08808522393751	0.377757231718744	48.7301167106053	0.884631194174205	0.544031746031746	0.217973597519662	0.423137205059799
m1	61	Egg	4	2	0.1	0.676994151572258	0.284332057719483	63.5009323674336	0.960307232858779	0.726753968253968	0.19764061081458	0.63318153280788
m2	61	Egg	4	2	0.1	1.11194254880099	0.36451305159804	45.8190850298739	0.843938528007821	0.56025	0.197583613758559	0.43680276193468
m3	61	Egg	4	2	0.1	1.68241181410024	0.293493423107328	53.5309913713387	0.564986424394319	0.177154761904762	0.13106740925056	0.0450515785143642
m4	61	Egg	4	2	0.1	0.750254191940294	0.264416159444649	50.6640227431384	0.896367206676485	0.631130952380952	0.177109647460216	0.493899159426928
m5	61	Egg	4	2	1e-04	0.563696971418291	0.247305193058045	45.4790548086497	0.89229667812142	0.608607142857143	0.149084052206081	0.474128343174539
m6	61	Egg	4	2	0.1	0.741049428387376	0.287936470195876	58.6745414936883	0.9236462684489	0.683928571428571	0.191993528036607	0.5831681626196
m7	61	Egg	4	2	0.1	1.22617553087388	0.382837896820244	46.5492017483902	0.801856725146199	0.513099206349206	0.21932678664869	0.3754126268722
m1	62	Egg	4	2	0.1	1.20764953525144	0.383985201187249	55.0648072965694	0.799363088489364	0.464035714285714	0.217695947732348	0.330169631507798
m2	62	Egg	4	2	0.1	1.41139786433812	0.460250335008088	46.8851668657868	0.742130130671797	0.449507936507937	0.180544680917198	0.283769278827944
m3	62	Egg	4	2	0.1	1.73063354773109	0.34753019816211	52.0310914423442	0.545754394947943	0.196424603174603	0.149704496949069	0.025879931362509
m4	62	Egg	4	2	0.1	1.47100757514388	0.355739677907828	56.6510685389282	0.66671785292131	0.345444444444444	0.157649121408141	0.167145929357733
m5	62	Egg	4	2	0.1	1.29273176246688	0.275974756397869	53.9813126404226	0.709553872053872	0.358638888888889	0.166557870219631	0.21009000382898
m6	62	Egg	4	2	0.1	1.12461665252017	0.303885339804235	57.225002025268	0.811643718935386	0.495809523809524	0.194384320886981	0.352616117979591
m7	62	Egg	4	2	0.1	1.19956324078072	0.303932023540413	46.6355324972974	0.770727548785344	0.437761904761905	0.20814982504063	0.301775285636349
m1	63	Egg	4	2	0.1	0.698775477030798	0.267219897509863	47.6796795260291	0.910137269193392	0.742055555555556	0.189211108206417	0.661385870841051
m2	63	Egg	4	2	0.1	0.815264900133141	0.320822407528225	61.7707865343829	0.909531373128448	0.640285714285714	0.229832624625145	0.526085683176779
m3	63	Egg	4	2	0.1	1.68764724020737	0.306150307815017	53.0718140955845	0.53916847041847	0.170642857142857	0.142119731788005	0.0256694430748768
m4	63	Egg	4	2	0.1	1.24455070887291	0.265725283099651	52.1807099731946	0.739326965035728	0.429738095238095	0.176805439468472	0.256880537249868
m5	63	Egg	4	2	0	1.04610514743129	0.30844986027348	44.4335908659152	0.744913324979114	0.371833333333333	0.158626970427603	0.219168712831044
m6	63	Egg	4	2	0.1	0.688733863094601	0.233299481923278	37.7487793204967	0.914905492898914	0.710579365079365	0.212584407914972	0.619421502179305
m7	63	Egg	4	2	0.1	0.738199313925905	0.225847248081448	37.6381700585341	0.904028595974472	0.692059523809524	0.201168172114545	0.592775450921547
m1	64	Egg	4	2	0.1	0.775463459274084	0.364286057791082	69.2799475468214	0.932120811287478	0.691416666666667	0.202922576526564	0.586891743405115
m2	64	Egg	4	2	0.1	0.909468510787183	0.30703372812871	67.1159770525552	0.88604163148711	0.645420634920635	0.175595564604583	0.514305384471301
m3	64	Egg	4	2	0.1	1.68947408133105	0.351136688251596	53.0986324614242	0.584614833906071	0.219011904761905	0.14740461925942	0.0384610617194347
m4	64	Egg	4	2	0.1	1.1003844660375	0.414481748024552	41.7341409838436	0.862748914481251	0.596507936507937	0.193508659072604	0.473097370315931
m5	64	Egg	4	2	0.1	1.25964217758358	0.377319891488175	45.0984053322783	0.736940930886243	0.441702380952381	0.204958646756775	0.290976505717011
m6	64	Egg	4	2	0.1	0.676942279127318	0.233883927500798	51.9369933017197	0.943780782111899	0.750634920634921	0.206720629944207	0.664725429088732
m7	64	Egg	4	2	0.1	0.786377504263682	0.28704270838763	46.4986811802193	0.915924513613316	0.707238095238095	0.200486113007777	0.59586637133135
m1	65	Egg	4	2	0.1	0.990385399137197	0.414334676949019	61.5285703519084	0.856923336710571	0.645079365079365	0.215493422684972	0.538464478576356
m2	65	Egg	4	2	0.1	0.991459235665632	0.352301884608737	58.5120742644391	0.852337315223913	0.716575396825397	0.174468477631256	0.614900240305903
m3	65	Egg	4	2	0.1	1.68906999539284	0.367211396412771	51.0971590541854	0.565994674185464	0.25427380952381	0.180004597997293	0.10199427439614
m4	65	Egg	4	2	0.1	1.31633003745853	0.36751986171825	49.0925461191399	0.777990679375989	0.464797619047619	0.200579671345097	0.327376102406948
m5	65	Egg	4	2	0.1	1.12310115231195	0.289453190516863	39.0985832448023	0.795975225407623	0.490904761904762	0.181555121317323	0.349128452257802
m6	65	Egg	4	2	0.1	0.831791235427957	0.297697971674231	38.4397668926855	0.92174879872584	0.714797619047619	0.189617869439015	0.619386130672127
m7	65	Egg	4	2	0.1	0.915958745543701	0.309331813101987	34.5701302634112	0.871328352769679	0.734357142857143	0.203062755277552	0.64721760919976
m1	66	Egg	4	2	0.1	0.97149852334038	0.400947709330356	66.7231783604814	0.890900740206296	0.673357142857143	0.193681823088258	0.569934855336754
m2	66	Egg	4	2	0.1	1.21999946769565	0.468400843412209	45.819085036381	0.850937034970238	0.507638888888889	0.222035651534412	0.379935666422115
m3	66	Egg	4	2	0.1	1.72615720986904	0.309485106170935	53.0986324614241	0.566573534175575	0.185289682539683	0.15367190196663	0.0317196530087075
m4	66	Egg	4	2	0.1	1.09671065166073	0.338222266316925	45.9559362876677	0.79583559593428	0.526265873015873	0.20730022592795	0.37521249665292
m5	66	Egg	4	2	0.1	1.05668783463856	0.366516285378362	41.3693358319604	0.842576058201058	0.530238095238095	0.195122356853751	0.39872726131934
m6	66	Egg	4	2	0.1	0.919669140381364	0.366627970188496	61.0908072963777	0.908353385680513	0.673884920634921	0.24460406662568	0.583981457003297
m7	66	Egg	4	2	0.1	1.1647101071932	0.382609766238961	42.730116734676	0.829070767195767	0.556281746031746	0.227225501355918	0.4273273279893
m1	67	Egg	4	2	1e-04	0.246243729932571	0.233444646823867	54.1014349019944	0.999828178694158	0.873	0.155332123749548	0.826165199166509
m2	67	Egg	4	2	0.1	0.752346586199461	0.292966708688611	50.924229912717	0.93772670866743	0.746480158730159	0.186281632231323	0.663718592889806
m3	67	Egg	4	2	0.1	1.50200354851075	0.255278734990436	48.989348019432	0.614812309603976	0.285785714285714	0.172712843767756	0.131569625184988
m4	67	Egg	4	2	0.1	0.623050575637683	0.254069950739735	54.6107183696565	0.974335634076326	0.778928571428571	0.224106913295873	0.711551544648761
m5	67	Egg	4	2	1e-04	0.577134806130179	0.28078760473674	45.4790548086497	0.904602761243386	0.574095238095238	0.178369785141695	0.433579372344849
m6	67	Egg	4	2	1e-04	0.157951209212827	0.179330316312053	60.4601957942367	1	0.882011904761905	0.186186583782566	0.841139103767081
m7	67	Egg	4	2	0.1	0.711914126729507	0.248877442607784	44.9751255022537	0.934402901785714	0.727821428571429	0.19707250516809	0.629833625860216
m1	68	Egg	4	2	0.1	0.943851406211296	0.388749876873265	77.6785338664048	0.919353505291005	0.700876984126984	0.212705339643151	0.601391033764599
m2	68	Egg	4	2	0.1	1.09585151069394	0.383649003650708	64.0455362900418	0.875572503306878	0.635166666666667	0.220003705078025	0.527742532825767
m3	68	Egg	4	2	0.1	1.76077016811547	0.348831203554098	52.6433356347853	0.529050073637703	0.195607142857143	0.157617989775715	0.0233096161496484
m4	68	Egg	4	2	0.1	1.28439090941285	0.43513994804107	55.3797986041916	0.824103181492504	0.479353174603175	0.243449251881058	0.360589171859539
m5	68	Egg	4	2	0.1	1.20813127180744	0.344385504726871	45.0984053322783	0.77726280037478	0.460952380952381	0.211748108619483	0.327389191554348
m6	68	Egg	4	2	0.1	0.857799443065869	0.290500826815848	66.4809358065172	0.933841076940035	0.715261904761905	0.182439206127259	0.618132380639823
m7	68	Egg	4	2	0.1	0.959296974071778	0.328511577254316	64.2348852265014	0.910084945436508	0.660555555555556	0.229195126697394	0.561635280366103
m1	69	Egg	4	2	0.1	1.02062954990001	0.306564130140004	83.865650824511	0.845402416407571	0.642488095238095	0.181113594216916	0.517075094730105
m2	69	Egg	4	2	0.1	1.26290070500764	0.377150645099733	82.7702279485589	0.796166748486336	0.51647619047619	0.200925696191858	0.3789506285818
m3	69	Egg	4	2	0.1	1.77478680302912	0.330922271496761	61.8906238146769	0.508507211128179	0.182420634920635	0.136560448444312	0.028060190653801
m4	69	Egg	4	2	0.1	1.24967384084093	0.368257058292163	67.6235502504653	0.829748298335538	0.436059523809524	0.190226588562279	0.285413754509986
m5	69	Egg	4	2	0.1	1.09998679247813	0.358096711039711	47.3693327386729	0.818796470342523	0.530488095238095	0.196817388513593	0.398563128485023
m6	69	Egg	4	2	0.1	0.803890915947329	0.298585492232022	72.3351752154722	0.92509765625	0.697285714285714	0.219286491144507	0.604640091092297
m7	69	Egg	4	2	0.1	1.13154290847406	0.36803902521995	51.5027054589869	0.857632971317182	0.557595238095238	0.226333451432937	0.44726734349344
m1	70	Egg	4	2	0.1	1.19266492223995	0.413446472983522	74.0688124904054	0.790868291761149	0.570880952380952	0.179408684952222	0.433502039347576
m2	70	Egg	4	2	0.1	1.21729545609492	0.462821053041746	76.4098567084174	0.812150415721844	0.522571428571429	0.216022431526992	0.379229479215314
m3	70	Egg	4	2	0.1	1.56276846718922	0.370876927457991	49.9121566226665	0.615882001955372	0.305892857142857	0.158316604673372	0.131632074360317
m4	70	Egg	4	2	0.1	1.39711344295808	0.324342396749042	65.8945998826592	0.682007742771632	0.305642857142857	0.146720899985308	0.142054888349714
m5	70	Egg	4	2	0.1	1.35383197115682	0.302984282757092	48.0701797174642	0.684804894179894	0.315071428571429	0.175663530552045	0.177449893738112
m6	70	Egg	4	2	0.1	0.984291865796857	0.345703903114815	51.625133139305	0.849859541178986	0.608289682539683	0.215951914822461	0.487902604417883
m7	70	Egg	4	2	0.1	1.08285774753201	0.341078715788093	51.5027054589869	0.854621024997301	0.594809523809524	0.235730107183977	0.480341577647209
m1	71	Egg	4	2	1e-04	0.570562013233738	0.558177930160187	72.9106813237687	0.991136499402628	0.770916666666667	0.19403587889537	0.69586281285764
m2	71	Egg	4	2	0.1	0.684163849744523	0.271050185997952	54.1747801813216	0.975323576264436	0.746416666666667	0.210806253249795	0.671386225022407
m3	71	Egg	4	2	0.1	1.41005589645727	0.303314030400048	58.0400795693362	0.779552241858943	0.33427380952381	0.164454768055568	0.183658181582032
m4	71	Egg	4	2	0.1	0.9327143496517	0.338082801432242	47.2089862528695	0.913799951267056	0.71425	0.249110999523051	0.637803669066738
m5	71	Egg	4	2	0.1	1.07251295458445	0.348621096217129	47.3693327386729	0.824945932539683	0.552845238095238	0.190469418395127	0.41198222822022
m6	71	Egg	4	2	0.1	0.615902524514903	0.233994706699502	54.1528614694327	0.986317966903073	0.779265873015873	0.216556331295099	0.708547735665985
m7	71	Egg	4	2	0.1	0.647258508491323	0.264026245359764	60.3599546519655	0.979843383516064	0.815698412698413	0.220890054610319	0.760830652097912
m1	72	Egg	4	2	0.1	1.20331560934475	0.491856669973614	69.2382651247286	0.848109223434744	0.607392857142857	0.241290031468475	0.494867952048546
m2	72	Egg	4	2	0.1	1.29484131512927	0.337208575943806	46.9584725102244	0.80166366661212	0.533444444444444	0.192978048537254	0.392007460052976
m3	72	Egg	4	2	0.1	1.77654381382957	0.292486096844315	53.7932074158597	0.528140500992063	0.176583333333333	0.142401575894359	0.0159034522813901
m4	72	Egg	4	2	0.1	1.51397460125473	0.331785038051111	51.7293713706247	0.707290633267196	0.313492063492063	0.151311240930289	0.140331328337782
m5	72	Egg	4	2	0.1	1.37878611861963	0.27826663648408	50.827330558692	0.692860685941043	0.320230158730159	0.155400615256087	0.172600490385008
m6	72	Egg	4	2	0.1	1.09772575418431	0.362371105320513	51.6415414257678	0.846247044917258	0.570785714285714	0.231699600252836	0.445848901768182
m7	72	Egg	4	2	0.1	1.14549210161081	0.371646796510422	45.5027054662397	0.817126287571766	0.568388888888889	0.221390935976605	0.438314470142887
m1	73	Egg	4	2	0.1	1.01192552011086	0.484729731577358	45.8190850477398	0.89525462962963	0.664142857142857	0.229921774326096	0.557501205007769
m2	73	Egg	4	2	0.1	1.143889317892	0.435813694272809	46.0863856240691	0.861643518518519	0.640059523809524	0.231414223548551	0.531158797668936
m3	73	Egg	4	2	0.1	1.77714711546511	0.335019252211093	53.6414838008485	0.499359334081556	0.18927380952381	0.13675724480194	0.0214661367004354
m4	73	Egg	4	2	0.1	1.27248759584306	0.462973924238237	46.6355324364068	0.777004581901489	0.413761904761905	0.195656712255411	0.255732262964253
m5	73	Egg	4	2	0.1	1.21948639625705	0.356748482766174	45.1896459662614	0.765995574919544	0.432761904761905	0.184008728881133	0.294220811517629
m6	73	Egg	4	2	0.1	0.982405116484418	0.40711713338059	40.0103872948422	0.877404448621554	0.671440476190476	0.233008646530999	0.575975872862279
m7	73	Egg	4	2	0.1	1.03286589779984	0.324947656758703	40.1106501153636	0.87680171530978	0.668773809523809	0.233885392448713	0.572283241761843
m1	74	Egg	4	2	0.1	0.602349223022192	0.317372079521451	48.1161508553479	0.98122852233677	0.798988095238095	0.199785394077057	0.727817488652661
m2	74	Egg	4	2	1e-04	0.496543867348017	0.472186021810287	48.1658367231525	0.986225658648339	0.822222222222222	0.197023976033221	0.763011255639109
m3	74	Egg	4	2	0.1	1.51729310276369	0.2487363425605	45.5054685535118	0.630876393110436	0.290781746031746	0.194579886069331	0.166580478407759
m4	74	Egg	4	2	0.1	0.912634264972274	0.294093338313739	40.4107588259971	0.910501700680272	0.725031746031746	0.192149748677338	0.628999181281067
m5	74	Egg	4	2	0.1	1.05877584039502	0.314261229865818	41.3693358319604	0.842200322589353	0.53397619047619	0.190810374531463	0.400076955433019
m6	74	Egg	4	2	0.1	0.525320352813459	0.236038825126929	42.143389947669	0.987095251873898	0.828420634920635	0.184089045970467	0.770924516304333
m7	74	Egg	4	2	0.1	0.600569574026689	0.253609132731639	58.9003896052805	0.984056273218507	0.779285714285714	0.215035564726947	0.709818908855238
m1	75	Egg	4	2	0.1	1.33149466129159	0.417041603325857	63.3642625093652	0.773263544422399	0.40077380952381	0.187623721368649	0.244050671562552
m2	75	Egg	4	2	0.1	1.35766220631135	0.387123174489681	59.0903549931749	0.765098858256753	0.397988095238095	0.174956091427129	0.243953186357802
m3	75	Egg	4	2	0.1	1.90967253648644	0.319148310380253	59.1898154040624	0.413542678976352	0.116555555555556	0.103586471490848	-0.0500322706377695
m4	75	Egg	4	2	0.1	1.67340364185974	0.374561626203462	61.5325978047713	0.607993222677362	0.249706349206349	0.178720348535856	0.074559965608099
m5	75	Egg	4	2	0.1	1.45797329642216	0.3132899894149	50.8318805002851	0.673403097798259	0.304527777777778	0.152572304404385	0.14727890283118
m6	75	Egg	4	2	0.1	1.13444261480236	0.310107109900666	57.2264543700894	0.808180868838764	0.460107142857143	0.241639771497251	0.336787259732836
m7	75	Egg	4	2	0.1	1.20718684803314	0.335480338372398	46.6355324972974	0.766715932404708	0.431261904761905	0.208485968960273	0.292554398893193
m1	76	Egg	4	2	0.1	1.00710219535417	0.467396055921242	71.3799061556126	0.892590657716988	0.664003968253968	0.221321407200887	0.561407178128881
m2	76	Egg	4	2	0.1	1.03610173928648	0.424889388641412	56.9952992886111	0.887856368906901	0.640666666666667	0.232991334309955	0.540606927398841
m3	76	Egg	4	2	0.1	1.6239936745442	0.411346282803936	45.7259407214304	0.634960036023866	0.311575396825397	0.190607293604298	0.170677058805571
m4	76	Egg	4	2	0.1	1.18589601568899	0.395608744852819	50.9094400422627	0.831821448817622	0.540900793650794	0.200733067081769	0.409311646973451
m5	76	Egg	4	2	0.1	1.19255108137829	0.363295861122195	45.0984053322783	0.771421711415062	0.456837301587302	0.198498617400064	0.325140805219561
m6	76	Egg	4	2	0.1	0.835536629634476	0.349459656345359	60.6530537827571	0.93130420553101	0.730285714285714	0.211700935853141	0.642433383862848
m7	76	Egg	4	2	0.1	1.03863723884711	0.374726298780874	46.0901615502692	0.882403404344194	0.66597619047619	0.220411101659207	0.559146674235719
m1	77	Egg	4	2	0.1	1.11291073795921	0.416232916677333	79.6938431338653	0.824790620613325	0.603753968253968	0.210037025683598	0.475717216357943
m2	77	Egg	4	2	0.1	1.0917400991485	0.34382277194659	70.0685730135417	0.813909855179185	0.585460317460317	0.206948050340972	0.445790357770663
m3	77	Egg	4	2	0.1	1.82890932321799	0.318780821984679	64.0927599008734	0.487649887853692	0.117416666666667	0.12331117734788	-0.0385048750477688
m4	77	Egg	4	2	0.1	1.53050985776014	0.280918739914736	65.9068023487011	0.579196776663882	0.253051587301587	0.145558624228907	0.0873679303948672
m5	77	Egg	4	2	0.1	1.37118017909832	0.258108488617468	54.0656433842918	0.681860206070732	0.291559523809524	0.172441201031108	0.147906883770171
m6	77	Egg	4	2	0.1	0.946681192484291	0.312100371690944	57.5027054667416	0.875214609653385	0.648115079365079	0.220953464345429	0.531076193848907
m7	77	Egg	4	2	0.1	0.975924307839585	0.345659144678653	46.4107588145914	0.865300554745708	0.643047619047619	0.230954718999585	0.536906028595848
m1	78	Egg	4	2	1e-04	0.455313337277171	0.616633484862095	48.0001753675169	0.993623058542413	0.881083333333333	0.183041134357429	0.839865098794706
m2	78	Egg	4	2	0.1	0.628208234178582	0.233425873863086	42.2186919820724	0.970386052473681	0.80227380952381	0.198382744692656	0.739468812295043
m3	78	Egg	4	2	0.1	1.68006173217837	0.328302207801221	50.4230346636676	0.590086598875661	0.201869047619048	0.144112078069031	0.0475956736599818
m4	78	Egg	4	2	0.1	1.12965854703563	0.5334154637371	55.9685856688941	0.858391023982057	0.60465873015873	0.229909453642868	0.487429291510239
m5	78	Egg	4	2	0.1	1.20439124042759	0.405730720414951	39.0985832448023	0.777878724589251	0.47822619047619	0.213083923049734	0.341496535039322
m6	78	Egg	4	2	1e-04	0.408972513690289	0.603670826374496	36.1557188928769	0.998378926038501	0.872154761904762	0.180064775085515	0.828092495630156
m7	78	Egg	4	2	1e-04	0.534371867737885	0.653868630560345	47.8069251594047	0.972162801752645	0.902845238095238	0.131952854813381	0.861545183000147
m1	79	Egg	4	2	0.1	1.46638618954279	0.494181226948304	60.7301167267738	0.724911611364404	0.425138888888889	0.23228141433449	0.280604843855853
m2	79	Egg	4	2	0.1	1.53074679528118	0.424362646736858	57.9051040758548	0.698723234953704	0.388964285714286	0.209537873874786	0.234716276118358
m3	79	Egg	4	2	0.1	1.72173480953729	0.323213251757708	54.6369246022655	0.518745227185949	0.235047619047619	0.154149853483044	0.0651561360615998
m4	79	Egg	4	2	0.1	1.43717198662722	0.384165706809286	56.087717333122	0.696003637566138	0.322214285714286	0.190012454068572	0.165406045304469
m5	79	Egg	4	2	0.1	1.20162231558169	0.34434313959964	45.0984045693748	0.780087425595238	0.445111111111111	0.176257592946336	0.309345725872169
m6	79	Egg	4	2	0.1	1.21565884231473	0.426365462898249	54.1368512751206	0.802617945326279	0.460595238095238	0.196446790298855	0.324573906649757
m7	79	Egg	4	2	0.1	1.27786256443347	0.335822373355013	50.0593947049081	0.759110783763562	0.429261904761905	0.189283118680417	0.285695489649379
m1	80	Egg	4	2	0.1	1.20212809386598	0.391393504000752	57.0001135050368	0.827466797605687	0.56477380952381	0.202214875056534	0.427355381939458
m2	80	Egg	4	2	0.1	1.19194324288443	0.350214421875703	57.086175094909	0.838441448007775	0.57506746031746	0.214914250312632	0.443075237079928
m3	80	Egg	4	2	0.1	1.83970208116291	0.332560894368863	57.0968221010576	0.482847744360902	0.13297619047619	0.132239972479599	-0.00316134548549583
m4	80	Egg	4	2	0.1	1.63129376943995	0.392823524432435	60.4833386290109	0.64208087874325	0.289059523809524	0.206834932749262	0.13021673057531
m5	80	Egg	4	2	0.1	1.49341300069768	0.35471262275872	50.8318805002851	0.68016238512949	0.287845238095238	0.16255204895448	0.148782378659012
m6	80	Egg	4	2	0.1	0.994016998278137	0.368894949467223	46.6961433793198	0.88140559732665	0.693940476190476	0.213465648963771	0.590751477504244
m7	80	Egg	4	2	0.1	1.08357116607421	0.410226254454879	40.4986811803977	0.85797870508157	0.683595238095238	0.249086582326941	0.591927887355718
m1	81	Egg	4	2	0.1	0.905263905645991	0.349983952964313	66.7244517285626	0.898741530342296	0.693896825396825	0.210043253322224	0.582954327190359
m2	81	Egg	4	2	0.1	1.01304503625902	0.332327222935808	46.0968799338258	0.867437916026626	0.617722222222222	0.224366070458682	0.495692944579167
m3	81	Egg	4	2	0.1	1.71841947340983	0.363084495157475	53.6414838008485	0.537096763308498	0.20975	0.169529515819537	0.0611726784055173
m4	81	Egg	4	2	0.1	1.44116015431119	0.348198333925844	58.3771610176723	0.697613191688712	0.317190476190476	0.194973021876662	0.13585247494127
m5	81	Egg	4	2	0.1	1.2572656216225	0.320516889977114	47.9813146994124	0.743712499318169	0.343333333333333	0.14348816462159	0.195569300509976
m6	81	Egg	4	2	0.1	0.825025256678381	0.338897337732179	55.1445556603645	0.944843144875361	0.74025	0.248405765397077	0.660335483300385
m7	81	Egg	4	2	0.1	0.900126540794656	0.309839183597301	35.0040242744803	0.897801769517331	0.765468253968254	0.202329670446485	0.68312950957604
m1	82	Egg	4	2	0.1	1.03551894876044	0.404837943253893	79.5229467196309	0.870228208694704	0.661738095238095	0.20754634010495	0.561882402143136
m2	82	Egg	4	2	0.1	1.16506512588854	0.387172936457724	71.5037738836152	0.816667194360014	0.582702380952381	0.224970409844129	0.462382124654384
m3	82	Egg	4	2	0.1	1.86266277891375	0.299715359566449	64.3194209964812	0.438652240410053	0.122888888888889	0.122456120194193	-0.0543780469132296
m4	82	Egg	4	2	0.1	1.30536600165741	0.423788321676717	59.4020509667574	0.772325008181967	0.406880952380952	0.188461536223198	0.245756332245721
m5	82	Egg	4	2	0.1	1.14335141014893	0.324927111187918	45.0984050287447	0.80152855172802	0.403777777777778	0.197230827297629	0.258740263930267
m6	82	Egg	4	2	0.1	0.882381215222643	0.334222592557601	50.4439017893861	0.890853209049824	0.691384920634921	0.19766720856397	0.589952278940634
m7	82	Egg	4	2	0.1	0.995126997276266	0.313740481276418	39.6976752113684	0.851595313096602	0.648781746031746	0.238882678248998	0.541865158294066
m1	83	Egg	4	2	0.1	1.01843942630136	0.386490541187863	67.6265062355349	0.890429144166258	0.564607142857143	0.197542235966121	0.428220758102805
m2	83	Egg	4	2	0.1	1.0559043598276	0.41421964214044	53.7674577439665	0.88217472029321	0.605714285714286	0.18669704268853	0.486712882159126
m3	83	Egg	4	2	0.1	1.80052559043501	0.4051369330021	52.0310260535646	0.542917434931324	0.199956349206349	0.145478789147955	0.052175841654741
m4	83	Egg	4	2	0.1	1.41798745667472	0.344710978429947	55.6550927940309	0.65066051449515	0.299257936507937	0.178192984827484	0.132265562337206
m5	83	Egg	4	2	1e-04	1.15958884597251	0.305431170899421	50.4277144335887	0.745969089390142	0.319857142857143	0.1467844402054	0.189973873965625
m6	83	Egg	4	2	0.1	0.838509206167393	0.305197598187537	49.6381700680237	0.915220163093874	0.63377380952381	0.196512229841995	0.520677687587064
m7	83	Egg	4	2	0.1	0.931449473759233	0.371965867366376	43.6381700863838	0.901216627524025	0.607488095238095	0.181525926995575	0.481106672221812
m1	84	Egg	4	2	0.1	0.729957667706229	0.348814499528309	51.9205413823894	0.956195624011346	0.720313492063492	0.215688219439172	0.628087274637485
m2	84	Egg	4	2	0.1	0.930344545518416	0.3380637449781	48.8986394585318	0.886114728009259	0.620095238095238	0.203977678178247	0.512761352884795
m3	84	Egg	4	2	0.1	1.65385157425158	0.255984282655773	51.0127276265423	0.546459636042969	0.186416666666667	0.135115604054347	0.0256172014623648
m4	84	Egg	4	2	0.1	1.06218077620239	0.381996504764985	49.3797985457757	0.853398426622111	0.588337301587302	0.24089247166899	0.471211788682692
m5	84	Egg	4	2	0.1	1.07757592466227	0.307356881734875	47.3693327386729	0.822088741457231	0.51865873015873	0.201046879665303	0.390819265832165
m6	84	Egg	4	2	0.1	0.654498215747472	0.241141565855332	64.1965965379237	0.955969082357971	0.766424603174603	0.190405730038319	0.687699034931859
m7	84	Egg	4	2	0.1	0.90226884201207	0.323265817221012	42.9423652165722	0.893692301862875	0.586722222222222	0.200831436670386	0.46523614124283
m1	85	Egg	4	2	0.1	0.815541039277011	0.395640869817433	75.8279271260891	0.943759398496241	0.727265873015873	0.190975645009712	0.625196580140386
m2	85	Egg	4	2	0.1	0.87911232044347	0.478502957756297	54.0001677360147	0.931355406746032	0.711984126984127	0.220843615937781	0.621339523545041
m3	85	Egg	4	2	0.1	1.39002370565477	0.292121241275343	49.5166525210352	0.69457056315434	0.294170634920635	0.189006607179377	0.134919678040399
m4	85	Egg	4	2	0.1	1.1672623142947	0.318641077400503	61.5438863495721	0.792948517126149	0.424202380952381	0.187062288665599	0.262342734200232
m5	85	Egg	4	2	0.1	1.19294833119944	0.302872096211753	51.0984035244722	0.759159384853829	0.450742063492063	0.181372019589816	0.299597032525692
m6	85	Egg	4	2	0.1	0.908574861279873	0.313116357473112	73.2050157912797	0.905476617170166	0.602361111111111	0.18732220001875	0.469670372472118
m7	85	Egg	4	2	0.1	1.07521080074941	0.392565049412908	48.730116707095	0.848710495249474	0.520559523809524	0.201809371311998	0.385071690962283
m1	86	Egg	4	2	0.1	1.17672553225656	0.459113567086074	56.3177662111809	0.800214446047779	0.505944444444444	0.240370157689291	0.367868475653687
m2	86	Egg	4	2	0.1	1.24590406589253	0.346306809213486	51.3642625431733	0.805848572246768	0.461150793650794	0.196484064891075	0.313383220210844
m3	86	Egg	4	2	0.1	1.71024808456124	0.292856036777008	51.851717978698	0.504613095238095	0.162753968253968	0.135339387084882	0.00722597513871752
m4	86	Egg	4	2	0.1	1.46228915265677	0.338027483530168	53.7325493500051	0.653728244221665	0.33797619047619	0.160896339264827	0.163934209277732
m5	86	Egg	4	2	0.1	1.31223526349525	0.272145886696573	47.9813146394195	0.697986807296018	0.345011904761905	0.163555593559677	0.200440454472494
m6	86	Egg	4	2	0.1	1.05479421888631	0.379725433978633	54.2603098111562	0.847656467557783	0.54052380952381	0.242726091717284	0.415408446753559
m7	86	Egg	4	2	0.1	1.17258096651144	0.395938506370749	49.3797985552998	0.817108047897522	0.501833333333333	0.225798147131234	0.380523534220953
m1	87	Egg	4	2	0.1	1.36758833532465	0.376212267534823	57.6454648749453	0.728508525994939	0.398095238095238	0.174069185417713	0.228288076196554
m2	87	Egg	4	2	0.1	1.35891628395504	0.465053498708407	47.0903549963003	0.760503689780006	0.402412698412698	0.190241446860859	0.245539084165
m3	87	Egg	4	2	0.1	1.75167850529815	0.353819080895216	53.1899630509354	0.525575124093165	0.181738095238095	0.129879619017163	0.0239287484981729
m4	87	Egg	4	2	0.1	1.5858932779035	0.367370949250406	58.6860530533323	0.639098099557283	0.314174603174603	0.171009048408208	0.160887089206172
m5	87	Egg	4	2	0.1	1.32812595387321	0.255924986455007	53.9813126404226	0.672327628968254	0.338511904761905	0.162839780820557	0.179533583804856
m6	87	Egg	4	2	0.1	1.16298054035233	0.334412106795747	57.225002025268	0.788217456226477	0.499142857142857	0.18729845975328	0.356557877298609
m7	87	Egg	4	2	0.1	1.2437981264205	0.322084883939024	46.6355324972974	0.795816971175044	0.431634920634921	0.186551819057453	0.295897898270822
m1	88	Egg	4	2	1e-04	0.473997313183442	0.971456649991681	61.8930008830245	0.988510164299638	0.904380952380952	0.186242753562702	0.877799398967699
m2	88	Egg	4	2	0.1	0.706513319578487	0.367048880885228	48.1809531971743	0.968825636046381	0.767630952380952	0.234493115961114	0.698447336020683
m3	88	Egg	4	2	0.1	1.52219654745136	0.293056397938806	44.8978043356269	0.647721322205858	0.250178571428571	0.150530488735313	0.0870556122045704
m4	88	Egg	4	2	0.1	1.00379512475017	0.473405944619285	43.8054921209723	0.896811618165785	0.648142857142857	0.231341398416331	0.545284301110326
m5	88	Egg	4	2	0.1	1.23253385321925	0.355386488025679	45.0984053322783	0.770891031470459	0.457809523809524	0.185861404339451	0.316807397591025
m6	88	Egg	4	2	1e-04	0.517209877315921	0.873077323651391	42.1549182685907	0.988943435335188	0.860777777777778	0.188877501162381	0.810793050512955
m7	88	Egg	4	2	0.1	0.701126920534171	0.272561427487453	60.1494676765069	0.951634900593234	0.776460317460317	0.211946904405558	0.706117425084344
m1	89	Egg	4	2	0.1	1.09641995609776	0.460279967448657	72.5253862152646	0.881840712893344	0.571142857142857	0.203476586093917	0.433778333654362
m2	89	Egg	4	2	0.1	1.15096670538138	0.476659059630412	58.0557192411142	0.871093159486017	0.580238095238095	0.225461732768072	0.467578411448353
m3	89	Egg	4	2	0.1	1.8411384208882	0.310141648350882	57.2710792067331	0.481600765306122	0.126944444444444	0.121323739593264	-0.0384834707988901
m4	89	Egg	4	2	0.1	1.336871816985	0.329672164064044	56.4546175354356	0.707789248511905	0.413690476190476	0.162219625998998	0.249424232414666
m5	89	Egg	4	2	0.1	1.18964005178371	0.324177094983583	45.0984045693748	0.791908803644915	0.446206349206349	0.206903034484047	0.302692449748088
m6	89	Egg	4	2	0.1	1.03464904712674	0.533990874356132	47.5451774901233	0.883107247284879	0.617857142857143	0.215150837684982	0.495959251890753
m7	89	Egg	4	2	0.1	1.0516500140292	0.430758424410807	47.5451774878011	0.879470266238883	0.580226190476191	0.230616738777317	0.463502791894135
m1	90	Egg	4	2	0.1	0.853130167972523	0.401873756683743	60.4339027053861	0.920766129032258	0.714170634920635	0.237367536702514	0.630091214448427
m2	90	Egg	4	2	0.1	0.89362904122427	0.347498066738051	56.5271254246162	0.922086026564119	0.686380952380952	0.234009516353047	0.588491209902202
m3	90	Egg	4	2	0.1	1.5028783493245	0.341114957003276	48.0158318568666	0.643966497189153	0.351214285714286	0.198034414282589	0.188028799053182
m4	90	Egg	4	2	0.1	1.39401168636846	0.381262636818543	48.9787048080917	0.713854061127997	0.34768253968254	0.198794395720819	0.180967478650877
m5	90	Egg	4	2	0.1	1.31546996242994	0.273415819390288	42.0757448660801	0.717686925647452	0.357321428571429	0.155792749834019	0.207621022837808
m6	90	Egg	4	2	0.1	0.733025409311776	0.286108776920441	48.9791673661066	0.949587366998081	0.795043650793651	0.225965964647268	0.736022014208139
m7	90	Egg	4	2	0.1	0.754244425016028	0.295838183697894	29.0040263960129	0.93401792750197	0.808369047619048	0.199171453613329	0.738806339801593
m1	91	Egg	4	2	0.1	0.978828165756346	0.425116260795627	67.5485269707807	0.858125715922108	0.607948412698413	0.214833188121569	0.487736194875796
m2	91	Egg	4	2	0.1	1.31389931902898	0.427076734595318	49.9983923239876	0.742650462962963	0.448988095238095	0.18338567175493	0.292864482558599
m3	91	Egg	4	2	0.1	1.50152152033571	0.349295445775606	49.6550952594401	0.638109897452681	0.260404761904762	0.15268912178147	0.0934211186164409
m4	91	Egg	4	2	0.1	1.13193452017975	0.358360106490283	46.1787604985247	0.804226712614871	0.466075396825397	0.1833911370689	0.315493877938
m5	91	Egg	4	2	0.1	0.982387169821967	0.280190660802857	41.3693345477675	0.854880256196046	0.591210317460317	0.184572539945796	0.463438178347025
m6	91	Egg	4	2	0.1	0.954960213683332	0.327988945002418	62.6983615087875	0.871908764967976	0.60172619047619	0.213944491764737	0.472106430729543
m7	91	Egg	4	2	0.1	1.27370158621349	0.371490946997335	48.1368512901678	0.785360027580772	0.449238095238095	0.216215160488774	0.305921825118288
m1	92	Egg	4	2	0.1	0.605778354139128	0.252340597650998	62.8318525800654	0.950962744777178	0.792964285714286	0.185280972744501	0.719451627358716
m2	92	Egg	4	2	0.1	0.680904376174395	0.308889519543336	50.7725887498026	0.92329873556352	0.745873015873016	0.218355282794504	0.657657213244224
m3	92	Egg	4	2	0.1	1.36397167122008	0.402287552458935	42.5689136113967	0.734712547844197	0.452507936507937	0.211333952592547	0.300542202430383
m4	92	Egg	4	2	0.1	1.15869778335773	0.339301516371037	56.628074028257	0.806132836946009	0.472448412698413	0.172361536457147	0.317555327083535
m5	92	Egg	4	2	1e-04	1.09240912414826	0.322909391240714	44.3667484148145	0.745994807497467	0.351119047619048	0.175994946624375	0.224994838653388
m6	92	Egg	4	2	0.1	0.633333041729763	0.258015528741268	41.1120934090491	0.953368316624896	0.779087301587302	0.207633562165392	0.711870757511473
m7	92	Egg	4	2	0.1	0.709568122439788	0.271516556041188	41.0040242609564	0.930967193011464	0.749928571428571	0.219524631912523	0.66794438397882
m1	93	Egg	4	2	0.1	1.07210334419817	0.326175803201674	80.6183833251353	0.84219274478011	0.587654761904762	0.209738994528271	0.464260624329796
m2	93	Egg	4	2	0.1	1.15406454961151	0.357822056442313	77.4455644163934	0.825760582010582	0.597996031746032	0.230040006967931	0.482280390263777
m3	93	Egg	4	2	0.1	1.85242268718675	0.354430629413252	57.0968218963566	0.484263009327442	0.122214285714286	0.133686660363059	-0.0224105837720565
m4	93	Egg	4	2	0.1	1.44181999192755	0.320242576654855	63.6395567667783	0.681780995094797	0.339162698412698	0.200145080168261	0.175201257532499
m5	93	Egg	4	2	0.1	1.31237315285521	0.254827277703735	47.9813146394195	0.712687682933694	0.320928571428571	0.157552738072227	0.175786651125643
m6	93	Egg	4	2	0.1	0.932803032986946	0.303040497841436	51.6260106389263	0.902171971308569	0.678003968253968	0.214447606698147	0.580171270525963
m7	93	Egg	4	2	0.1	0.998244000713099	0.346239631024207	46.4107588278767	0.876228711970899	0.650142857142857	0.24459223011474	0.55454226356341
m1	94	Egg	4	2	0.1	1.10104314478452	0.423555198014554	80.2768189009844	0.86614898679976	0.595095238095238	0.209595010093892	0.476200365916512
m2	94	Egg	4	2	0.1	1.3036195657308	0.394994974029295	60.5916737821708	0.795256007495591	0.491809523809524	0.232097760817534	0.356834284331206
m3	94	Egg	4	2	0.1	1.87070936214265	0.251449473698089	59.2856014256892	0.406855791962175	0.098031746031746	0.108854710403941	-0.0629513889935786
m4	94	Egg	4	2	0.1	1.45509218155633	0.456311742011629	70.0498135307661	0.734899498172694	0.348785714285714	0.181595996913377	0.178512544542501
m5	94	Egg	4	2	0.1	1.23026938490881	0.362268090347406	45.0984045693748	0.781464430390212	0.433595238095238	0.194562468230231	0.29802434714559
m6	94	Egg	4	2	0.1	0.964824518874501	0.35255552603799	50.4517482060207	0.886454071892216	0.638833333333333	0.206744650903827	0.527881267590825
m7	94	Egg	4	2	0.1	1.12918699497528	0.29601674635287	45.5027054703458	0.844884085213033	0.557869047619048	0.220911711986541	0.439976389743525
m1	95	Egg	4	2	0.1	0.821489590110365	0.360552209969404	70.7274886520941	0.918084318507496	0.647920634920635	0.179270824264499	0.532045183443424
m2	95	Egg	4	2	0.1	0.923943748153375	0.422624450865582	73.8258160038617	0.876651328380052	0.619285714285714	0.199125846803946	0.494428914630092
m3	95	Egg	4	2	0.1	1.59151062484238	0.330384967610613	51.345932235176	0.57974745892509	0.246952380952381	0.154710125648194	0.0773948988744775
m4	95	Egg	4	2	0.1	1.22116941381487	0.368643304558604	63.331335161531	0.801356681272046	0.447261904761905	0.212155888562603	0.298011952059458
m5	95	Egg	4	2	0.1	1.15043403610183	0.351873270836255	45.183649742404	0.781562086640212	0.42272619047619	0.181985017058342	0.280216149653611
m6	95	Egg	4	2	0.1	0.800529642443078	0.36235182434886	47.6605803890882	0.910900213259907	0.63197619047619	0.219963332370282	0.519080138956292
m7	95	Egg	4	2	0.1	0.852009854975251	0.317838157249997	47.7450356456205	0.911055938457254	0.631996031746032	0.205182462136012	0.519417892205428
m1	96	Egg	4	2	0.1	0.72807576614281	0.292927434475046	69.5623546545306	0.942693486124609	0.744357142857143	0.181260624843095	0.652581711105009
m2	96	Egg	4	2	0.1	0.935489930786707	0.315659581514911	61.4926305401174	0.859590480457416	0.670488095238095	0.229544716063389	0.569535704612315
m3	96	Egg	4	2	0.1	1.39274841375094	0.327945166837365	44.1386452775487	0.727427770815929	0.397634920634921	0.183154284223313	0.241771169512617
m4	96	Egg	4	2	0.1	1.12068493609921	0.464002421708069	60.3948980244918	0.841245377119102	0.595666666666667	0.209354454722349	0.451101374844333
m5	96	Egg	4	2	0.1	1.26586078409116	0.314477606013939	51.1850043127053	0.733755227001195	0.385956349206349	0.183691390598274	0.229466960841569
m6	96	Egg	4	2	0.1	0.689509849035926	0.258556185312559	51.9470326205891	0.940652557319224	0.724595238095238	0.214162452003678	0.637391119123572
m7	96	Egg	4	2	0.1	0.820006223672428	0.292073127531765	40.498681194038	0.891381927039822	0.685059523809524	0.235569721084025	0.587264638734831
m1	97	Egg	4	2	0.1	1.10656252479757	0.370988265907438	58.6981407788699	0.868274456521739	0.615015873015873	0.225570744978371	0.495115840569708
m2	97	Egg	4	2	0.1	1.08121833435547	0.393118126840954	69.8787601665946	0.886992183102555	0.652265873015873	0.23541824737022	0.551639290346994
m3	97	Egg	4	2	0.1	1.69225287319159	0.242225741032168	61.5925797529193	0.603503883823033	0.207369047619048	0.155765496316157	0.0566047851185025
m4	97	Egg	4	2	0.1	1.41592782134248	0.354087170556861	56.2264247822334	0.746639427535046	0.351392857142857	0.209011988489039	0.198492768491249
m5	97	Egg	4	2	0.1	1.31270011897057	0.276199944672801	53.981312632761	0.714226293816138	0.343134920634921	0.156864593101191	0.199863528987019
m6	97	Egg	4	2	0.1	1.12924572395872	0.349208075122366	65.328429731641	0.808358886483887	0.456833333333333	0.181424507812727	0.307796945647763
m7	97	Egg	4	2	0.1	1.12188379630207	0.349012482213624	61.7450652975776	0.809705346915398	0.459059523809524	0.193283477528696	0.316365410483104
m1	98	Egg	4	2	0.1	0.538587955313251	0.193838511430234	61.4713773468147	0.99442535318824	0.870357142857143	0.171788484682812	0.822716031588669
m2	98	Egg	4	2	0.1	0.663879070622193	0.224969434179478	48.1872536677875	0.966117513790386	0.781960317460317	0.198939803451405	0.705574893081625
m3	98	Egg	4	2	0.1	1.35976036324704	0.361946649454813	39.0180945024149	0.749260795788574	0.45525	0.198243513366414	0.305961356948896
m4	98	Egg	4	2	0.1	0.860995454660194	0.366745576598599	43.7731219950221	0.923581110565647	0.67522619047619	0.207624382615328	0.565873076374308
m5	98	Egg	4	2	0.1	1.19581382464067	0.321217980630771	45.183649742404	0.773629023368607	0.395690476190476	0.164462054456646	0.243607043596501
m6	98	Egg	4	2	0.1	0.564608957440617	0.241558569415178	42.1599917519939	0.991118860563305	0.825178571428571	0.175876113398757	0.758213473246809
m7	98	Egg	4	2	0.1	0.711605109320084	0.265449264391723	55.1514020144611	0.941982323232323	0.81075	0.191061020096838	0.736317915079472
m1	99	Egg	4	2	0.1	1.03042005004569	0.421500075019714	67.6693298761571	0.871635079089506	0.626214285714286	0.231697966659584	0.516025828075522
m2	99	Egg	4	2	0.1	1.15159284803312	0.378271371908913	66.2624663581511	0.805723684210526	0.55147619047619	0.25803334401597	0.421076983301496
m3	99	Egg	4	2	0.1	1.84574254105207	0.336003582265576	55.8725713059777	0.45437748015873	0.120547619047619	0.115236323771262	-0.0375729986641357
m4	99	Egg	4	2	0.1	1.29392282434455	0.43882778200917	53.3921438223507	0.77501002617359	0.402833333333333	0.204614180131804	0.245735755206194
m5	99	Egg	4	2	0.1	1.15809627685458	0.320428961950213	45.0984045693748	0.800037578162578	0.466154761904762	0.174718269736589	0.325290531372217
m6	99	Egg	4	2	0.1	0.924001511533181	0.333543145881218	44.4448191181402	0.913396329365079	0.675642857142857	0.205290213281276	0.573566378487727
m7	99	Egg	4	2	0.1	1.00351376460235	0.316387946048998	40.4107588298327	0.880789553140097	0.646190476190476	0.222446289839377	0.543598308140746
m1	100	Egg	4	2	0.1	1.17700849822775	0.409847746187258	69.7811624396468	0.815733148418097	0.518833333333333	0.198418698161653	0.376810040400113
m2	100	Egg	4	2	0.1	1.21763129835492	0.384688148197975	51.6882718059269	0.760102689125296	0.510988095238095	0.202399120297617	0.363606873856809
m3	100	Egg	4	2	0.1	1.73379006045017	0.3616357195909	53.1900354757769	0.511799223235393	0.190952380952381	0.142025598144889	0.0387704268224882
m4	100	Egg	4	2	0.1	1.45528411442195	0.346658880206275	58.7647962084258	0.669723994981727	0.300964285714286	0.165862891683409	0.128418572757877
m5	100	Egg	4	2	0.1	1.25332203217865	0.244547739394327	48.0642527497102	0.706939671630393	0.323583333333333	0.15332524938059	0.169369804928146
m6	100	Egg	4	2	0.1	0.98155140669769	0.3128746148679	48.2531196968082	0.873174107142857	0.572702380952381	0.215593801197793	0.439315211323542
m7	100	Egg	4	2	0.1	1.12324454924355	0.328013978362312	43.3797986722642	0.81259987440543	0.531738095238095	0.19859992753506	0.400764092489116
