Model	Iteration	Variable	Subsampled	MinObs	decay	logLoss	logLossSD	AIC	AUC	Accuracy	AccuracySD	Kappa
m1	1	Egg	2	2	1e-04	0.61168774734107	0.676406721946626	135.235695380141	0.973291925465839	0.558357142857143	0.223539116220072	0.496783699556973
m2	1	Egg	2	2	0	0.218054764216508	0.129933812030003	127.096623932234	0.983788515406162	0.606440476190476	0.216644736097353	0.551959446280976
m3	1	Egg	2	2	0	0.777727540019391	0.153606270733392	89.0830543545401	0.921044546850998	0.349988095238095	0.172677586647331	0.283095878580074
m4	1	Egg	2	2	1e-04	0.881480803450142	0.693561547712505	115.819085043179	0.962433862433862	0.548571428571429	0.198050607554268	0.482815961532038
m5	1	Egg	2	2	0.1	1.55576212769448	0.415846091959878	89.913464289035	0.843629343629344	0.328119047619048	0.193516270658376	0.256653407027027
m6	1	Egg	2	2	1e-04	1.06815765126662	0.705894747302135	98.9094400016753	0.93994708994709	0.343809523809524	0.16650708707451	0.266235418707614
m7	1	Egg	2	2	0	0.912023926472756	0.143174044254195	78.4379816887918	0.925297619047619	0.259349206349206	0.175340593738523	0.185684397547713
m1	2	Egg	2	2	1e-04	0.645972864187458	0.650521154859771	115.819085031966	0.974867724867725	0.552214285714286	0.223638444416205	0.495847794478745
m2	2	Egg	2	2	0	0.246481574298527	0.109834080099077	127.096623932234	0.978571428571429	0.577809523809524	0.2270312038084	0.519467775839618
m3	2	Egg	2	2	0	0.808132551464593	0.133849996856789	110.088998194282	0.925499231950845	0.355055555555556	0.178745800706756	0.286919180118353
m4	2	Egg	2	2	1e-04	0.868445319533177	0.750234145865243	115.819085043179	0.96390056022409	0.594380952380952	0.220473827016235	0.536833852882043
m5	2	Egg	2	2	0.1	1.49642208856535	0.298535059003159	90.175147308607	0.879586834733894	0.300269841269841	0.1759209972294	0.235894458211454
m6	2	Egg	2	2	1e-04	1.01870941734151	0.557028329747788	98.9094400022467	0.934666666666667	0.361738095238095	0.183412807683654	0.288370344661767
m7	2	Egg	2	2	0	0.919973142475111	0.142792435313943	78.4379816887918	0.934729064039409	0.259285714285714	0.144301758648978	0.179275877463287
m1	3	Egg	2	2	0.1	1.20104519922444	0.400007009570589	129.819085045991	0.937362637362637	0.411988095238095	0.198442656829192	0.346432620258581
m2	3	Egg	2	2	1e-04	0.830101590971479	0.514455637222819	117.779503230755	0.983838383838384	0.485309523809524	0.205568593690812	0.41659273824168
m3	3	Egg	2	2	0.1	1.54718644002127	0.183604196687862	106.561787397041	0.840190476190476	0.230071428571429	0.16614616896842	0.176857264927958
m4	3	Egg	2	2	0.1	1.37774030508208	0.413315947755153	119.638170068482	0.87148033126294	0.3715	0.185991949963806	0.308959756759439
m5	3	Egg	2	2	0.1	1.91696569069172	0.360069113575061	88.5914687915336	0.736243386243386	0.194535714285714	0.143892760486082	0.13074852658269
m6	3	Egg	2	2	0.1	1.35343908985057	0.249632817713887	111.340799262449	0.8921875	0.360138888888889	0.187183834038768	0.295840918728329
m7	3	Egg	2	2	0.1	1.35765959872671	0.180323404066077	123.022529097049	0.912345679012346	0.347392857142857	0.174999934148731	0.275071904440483
m1	4	Egg	2	2	0.1	1.51214616916509	0.313185092283007	158.033422425114	0.855102040816327	0.323226190476191	0.176931421678145	0.251383433988909
m2	4	Egg	2	2	0.1	1.37138596244931	0.331149781500874	145.81951582345	0.919264069264069	0.336170634920635	0.181372657334051	0.268195910238371
m3	4	Egg	2	2	0.1	1.79644206951478	0.274044373045418	117.775021355865	0.777813852813853	0.220035714285714	0.142190308238895	0.159358777624139
m4	4	Egg	2	2	0.1	1.60159448566497	0.256844391749173	158.186579689469	0.82010582010582	0.301599206349206	0.172512337160304	0.230405756639368
m5	4	Egg	2	2	0.1	2.21808463550565	0.308373900920214	100.185780158986	0.603383458646617	0.183190476190476	0.168995893420359	0.121464184975777
m6	4	Egg	2	2	0.1	1.73983300747817	0.304535659656251	137.45725508836	0.795408163265306	0.249063492063492	0.137994399887789	0.18633084635154
m7	4	Egg	2	2	0.1	1.73576255427778	0.24895288829233	115.00243257947	0.806666666666667	0.222	0.156193519075464	0.152201377052037
m1	5	Egg	2	2	0.1	1.11206824997568	0.314027960860563	154.000137329705	0.936479591836735	0.464690476190476	0.22545805699393	0.396704046861899
m2	5	Egg	2	2	0.1	1.30195162156401	0.322036916971154	131.828481256381	0.913541666666667	0.38825	0.19851747990827	0.326008963876642
m3	5	Egg	2	2	0.1	1.63031193174486	0.324176862657709	96.5631461850577	0.806609195402299	0.256059523809524	0.185513382085429	0.200133264762449
m4	5	Egg	2	2	0.1	1.55603889125862	0.353646688614631	156.718038077426	0.834567901234568	0.390007936507937	0.188862120224796	0.326367666189715
m5	5	Egg	2	2	0.1	2.0186563670341	0.291347958975373	97.2427422930145	0.743596059113301	0.182845238095238	0.1240271811907	0.117056151820276
m6	5	Egg	2	2	0.1	1.44103883024641	0.300793050070841	124.136851279717	0.875859788359788	0.307785714285714	0.195241645517293	0.23846031416326
m7	5	Egg	2	2	0.1	1.59789478977873	0.283885451378502	126.284151337538	0.85008210180624	0.266166666666667	0.16348516180672	0.192506757539877
m1	6	Egg	2	2	0.1	1.50648225349932	0.407902331267971	147.638170092179	0.796513605442177	0.36106746031746	0.162588683096006	0.289771098406288
m2	6	Egg	2	2	0.1	1.072025947126	0.307159751773741	121.364262534601	0.91780303030303	0.409261904761905	0.191571644023176	0.343669394627921
m3	6	Egg	2	2	0.1	1.54640582686994	0.275421651943642	106.744061108392	0.805145929339478	0.271988095238095	0.168404195828877	0.219003901594765
m4	6	Egg	2	2	0.1	1.69456293073376	0.343046964173865	136.410758843513	0.7625	0.291769841269841	0.171076019130004	0.217610030700317
m5	6	Egg	2	2	0.1	2.26701321189289	0.338272115846154	102.10832363406	0.606512605042017	0.155535714285714	0.152342653071591	0.0805223133937963
m6	6	Egg	2	2	0.1	1.48027360270255	0.409956589767095	126.229843856293	0.838505747126437	0.313539682539683	0.210119485961884	0.244248308354234
m7	6	Egg	2	2	0.1	1.4800119237935	0.211155034217149	101.00243257452	0.840079365079365	0.337178571428571	0.177489899025094	0.269959925467463
m1	7	Egg	2	2	0.1	1.85984768790361	0.373455446433791	170.006639502221	0.787213403880071	0.269948412698413	0.153297211874151	0.202726346975362
m2	7	Egg	2	2	0.1	1.59517063427322	0.297616477288093	123.360959972408	0.850768049155146	0.295464285714286	0.178870096153005	0.225303399182001
m3	7	Egg	2	2	0.1	1.95828247346588	0.253593621591461	97.2427423388467	0.789365079365079	0.177944444444444	0.12753462100917	0.123323952847674
m4	7	Egg	2	2	0.1	2.09482715963064	0.304964137128795	163.413831371315	0.702821869488536	0.208833333333333	0.154343532996619	0.149192230813074
m5	7	Egg	2	2	0.1	2.39429145270184	0.351079965335325	100.462666059684	0.593055555555556	0.130563492063492	0.134288429835736	0.0625326339341589
m6	7	Egg	2	2	0.1	1.87282737764192	0.431535423606627	129.140875515757	0.785	0.197083333333333	0.15334715913979	0.140521955595397
m7	7	Egg	2	2	0.1	1.60998475501783	0.282436755990219	104.173929861728	0.870604395604396	0.250785714285714	0.1675236693117	0.183685493574354
m1	8	Egg	2	2	0.1	1.0983140393615	0.308574943151494	121.522396312587	0.923877551020408	0.398607142857143	0.222393387427811	0.327673810331133
m2	8	Egg	2	2	0.1	1.19883347196246	0.26983595887802	121.364262527752	0.916743471582181	0.38977380952381	0.186910024198913	0.327364254790662
m3	8	Egg	2	2	0.1	1.6285333399954	0.250314653415704	113.872962205274	0.882217261904762	0.254642857142857	0.159545300541699	0.188034693411585
m4	8	Egg	2	2	0.1	1.36831711611147	0.496601716141708	111.183347538521	0.890561224489796	0.34375	0.204289123796656	0.280951077756157
m5	8	Egg	2	2	0.1	1.80041741753361	0.288736535704265	94.0336426915451	0.793537414965986	0.223357142857143	0.156568229841668	0.151936358482981
m6	8	Egg	2	2	0.1	1.22619208091892	0.254783338823633	121.575287601368	0.890396825396825	0.396896825396825	0.189866007479809	0.329635120791445
m7	8	Egg	2	2	0.1	1.35365876142428	0.21244091531144	111.183347531213	0.882482993197279	0.353440476190476	0.186151904121839	0.28635860889834
m1	9	Egg	2	2	0.1	1.37553857925904	0.301447896650329	158.052289582823	0.878650793650794	0.361071428571429	0.189002725892114	0.293092502270084
m2	9	Egg	2	2	0.1	1.19374354505426	0.284105915367489	131.545177492061	0.920276497695853	0.428972222222222	0.19743400193072	0.363073313199083
m3	9	Egg	2	2	0.1	1.5892027809958	0.24512670128317	113.872962205274	0.869786535303777	0.2655	0.180229513908983	0.20347797889687
m4	9	Egg	2	2	0.1	1.47537709229122	0.297790669255499	130.23402852717	0.85625	0.32940873015873	0.187548462976205	0.263584608630323
m5	9	Egg	2	2	0.1	2.15587933652922	0.284255861474944	97.5516343547372	0.678452380952381	0.158880952380952	0.129924297465831	0.0949371557446146
m6	9	Egg	2	2	0.1	1.64594660627712	0.413979866613944	147.034285618887	0.809453781512605	0.265678571428571	0.180977857548722	0.195013623697498
m7	9	Egg	2	2	0.1	1.62547656800703	0.265192633252438	101.682028742636	0.843144499178982	0.23577380952381	0.148110128932038	0.161963439790982
m1	10	Egg	2	2	0.1	1.37795400705774	0.333550823485226	178.848253439867	0.87358630952381	0.349916666666667	0.175331848324424	0.276489841332761
m2	10	Egg	2	2	0.1	1.07930566693499	0.207054240210037	131.545177474773	0.961068211068211	0.386801587301587	0.208867019309401	0.318016064433065
m3	10	Egg	2	2	0.1	1.5368748189241	0.301478885725553	104.821517615686	0.868181818181818	0.282964285714286	0.164284119221122	0.219691035558697
m4	10	Egg	2	2	0.1	1.59329734796114	0.356057469487926	147.63817006715	0.832857142857143	0.277964285714286	0.169566058580686	0.208991088517433
m5	10	Egg	2	2	0.1	2.3198818911331	0.359111085196304	101.298488433117	0.62816091954023	0.152392857142857	0.128184405914686	0.102347972220314
m6	10	Egg	2	2	0.1	1.54634730526767	0.325768264403213	136.410758794914	0.815113871635611	0.298019841269841	0.166359626695925	0.234912149788372
m7	10	Egg	2	2	0.1	1.3480905315836	0.311664972055203	136.74750731561	0.877465986394558	0.377162698412698	0.178666671329884	0.304387281644828
m1	11	Egg	2	2	0.1	1.58721059364938	0.399048309464893	158.039138558089	0.824358974358974	0.321853174603175	0.16953893558413	0.254828353228553
m2	11	Egg	2	2	0.1	1.62402785396865	0.258538567549631	145.838168864372	0.853448275862069	0.293019841269841	0.149597269312616	0.215828615031799
m3	11	Egg	2	2	0.1	1.9275560893749	0.347779778002669	109.516649800433	0.7571044546851	0.19522619047619	0.129286099063381	0.135665913040611
m4	11	Egg	2	2	0.1	1.76686562515564	0.291171875589204	146.969505727052	0.779444444444444	0.315571428571429	0.159801639707578	0.25345635951488
m5	11	Egg	2	2	0.1	2.17556749713662	0.39948375034271	100.185780158986	0.609060846560847	0.200940476190476	0.162010061020797	0.140373583397767
m6	11	Egg	2	2	0.1	1.71907929494623	0.407402951881354	137.45725508836	0.791991341991342	0.266003968253968	0.16010711335567	0.197242261593006
m7	11	Egg	2	2	0.1	1.71212639455719	0.277150941002451	140.244362485702	0.815546218487395	0.239753968253968	0.153116194717112	0.176732644786411
m1	12	Egg	2	2	0.1	1.30705058606508	0.332152370375317	133.831371834473	0.879115646258503	0.396603174603175	0.187101014806736	0.330792525225358
m2	12	Egg	2	2	0.1	1.17832356409498	0.270427504468693	121.61312965404	0.905357142857143	0.398404761904762	0.209936913746177	0.332290137705448
m3	12	Egg	2	2	0.1	1.68585176670806	0.297527157231994	115.048873538612	0.822964669738863	0.279269841269841	0.166710381586928	0.219653450949821
m4	12	Egg	2	2	0.1	1.37759984433185	0.348175440214138	122.737708268402	0.844047619047619	0.382904761904762	0.198395779942469	0.31876193710201
m5	12	Egg	2	2	0.1	1.88311175618226	0.355016412495357	99.3357349273432	0.723214285714286	0.239440476190476	0.175179641234606	0.182988999511816
m6	12	Egg	2	2	0.1	1.39794360954449	0.325441956517053	123.457255122341	0.843984962406015	0.389119047619048	0.207984420253617	0.322311450557894
m7	12	Egg	2	2	0.1	1.42628707306428	0.270852426276683	123.969700840117	0.865674603174603	0.351702380952381	0.167667258165753	0.277527005472754
m1	13	Egg	2	2	0.1	1.47833611176817	0.471239438457244	168.7411007061	0.864285714285714	0.314873015873016	0.207338301770886	0.249865460303921
m2	13	Egg	2	2	0.1	1.63076302221969	0.336253870307516	159.581575186833	0.835396825396825	0.314095238095238	0.154237996557971	0.240754846608098
m3	13	Egg	2	2	0.1	1.96389532909035	0.273325219991647	94.2737025548374	0.798363095238095	0.206293650793651	0.142296948464135	0.147841983607198
m4	13	Egg	2	2	0.1	1.87565813143208	0.342429186740759	136.410758838343	0.737941628264209	0.300964285714286	0.166312796248588	0.232022717513884
m5	13	Egg	2	2	0.1	2.07631392243222	0.386501022742858	100.865376414013	0.651234567901235	0.189968253968254	0.159526422699049	0.131847113689319
m6	13	Egg	2	2	0.1	1.6811094779021	0.408974719186771	127.090881243559	0.806410256410256	0.247746031746032	0.177199797629475	0.182267769754222
m7	13	Egg	2	2	0.1	1.70879315156379	0.250134589895062	126.797671847087	0.801339285714286	0.266361111111111	0.150951358159052	0.196502399291813
m1	14	Egg	2	2	0.1	1.54092322806317	0.411309661074872	147.843147555721	0.864035087719298	0.306142857142857	0.153143711770508	0.237252007546602
m2	14	Egg	2	2	0.1	1.59769257285412	0.40442160036167	159.230445821838	0.838041125541126	0.334666666666667	0.205369404866362	0.263104622487464
m3	14	Egg	2	2	0.1	1.90752841205061	0.351611839634557	109.86535833717	0.747222222222222	0.180452380952381	0.160610363136627	0.12746721373634
m4	14	Egg	2	2	0.1	1.72475711378435	0.307590207335304	136.410758796454	0.756732348111658	0.300126984126984	0.167620155601816	0.236944930037361
m5	14	Egg	2	2	0.1	2.01876691424303	0.354645582292713	100.865376414013	0.667952380952381	0.178837301587302	0.170381499258218	0.126628448736553
m6	14	Egg	2	2	0.1	1.76050887387558	0.339696300106414	127.955936294504	0.788738738738739	0.271059523809524	0.154855735698781	0.2109620640997
m7	14	Egg	2	2	0.1	1.79551022820816	0.348395337163211	127.367024278277	0.78010752688172	0.250738095238095	0.143754375369724	0.180723565733619
m1	15	Egg	2	2	0.1	0.894202254235722	0.272648180789083	119.638170074842	0.917698412698413	0.498809523809524	0.212509540639205	0.435506993916183
m2	15	Egg	2	2	0.1	1.07654728264096	0.271856838648458	107.364262519629	0.910805860805861	0.453523809523809	0.195176341434378	0.384956363598112
m3	15	Egg	2	2	1e-04	1.41554776292451	0.654992172073256	92.5476110381482	0.848850574712644	0.295063492063492	0.16156246649335	0.217388838886106
m4	15	Egg	2	2	0.1	1.06669121398283	0.221194621398739	119.638170083201	0.919508448540707	0.476642857142857	0.200119482908272	0.411220834562133
m5	15	Egg	2	2	0.1	1.58663649370027	0.335285617474255	92.6860529775945	0.80969387755102	0.321396825396825	0.168198983410314	0.25969255860587
m6	15	Egg	2	2	0.1	1.32489661957393	0.31332295126849	102.187371791401	0.854126984126984	0.352940476190476	0.17611932372104	0.280715207878982
m7	15	Egg	2	2	0.1	1.54489597428915	0.188917981915268	81.4586417854234	0.828285714285714	0.255452380952381	0.151115720839265	0.185211467355081
m1	16	Egg	2	2	0.1	0.892913181266887	0.210240205505591	144.005812741033	0.958783783783784	0.472345238095238	0.198875567958852	0.408810059624551
m2	16	Egg	2	2	1e-04	0.633662188817523	0.439160293408243	117.789646030124	0.977052545155993	0.502845238095238	0.20653323843464	0.434649301309629
m3	16	Egg	2	2	1e-04	0.974429704994023	0.575619045250174	101.002432610704	0.895168067226891	0.424587301587302	0.217171781171938	0.354565725324911
m4	16	Egg	2	2	0.1	1.13817013756177	0.248403797332872	144.099485389349	0.908064516129032	0.400583333333333	0.196731950117947	0.337629663721661
m5	16	Egg	2	2	0.1	1.83599489790681	0.359552742149257	115.584425045311	0.784897959183673	0.229416666666667	0.156112368780473	0.165014715799734
m6	16	Egg	2	2	0.1	1.43737869341073	0.297338666013404	113.276340183209	0.84047619047619	0.387563492063492	0.172533835319991	0.30798421745287
m7	16	Egg	2	2	0.1	1.35479910347447	0.250507865799496	88.7285250361685	0.863481338481338	0.389309523809524	0.190404852261496	0.319696861529387
m1	17	Egg	2	2	0.1	1.15733440181409	0.315286029101165	109.258900605017	0.902252252252252	0.37372619047619	0.212230622588161	0.304988821976251
m2	17	Egg	2	2	0.1	1.32862890469138	0.42397798537511	109.340506922804	0.890238095238095	0.33297619047619	0.21319645256723	0.27415880943272
m3	17	Egg	2	2	0.1	1.64089439548776	0.301041629923511	92.5476100633293	0.852604166666667	0.238678571428571	0.179368470945089	0.173535526149475
m4	17	Egg	2	2	0.1	1.23056114904812	0.359777224424457	109.358027936504	0.900095238095238	0.369730158730159	0.18176436660155	0.301314860557539
m5	17	Egg	2	2	0.1	1.3701645369569	0.206912703962544	89.9134642583263	0.904952380952381	0.326630952380952	0.159612685051919	0.257541137820408
m6	17	Egg	2	2	0.1	1.16187456138554	0.266197059899259	100.229337041185	0.919223985890653	0.373444444444444	0.184468487727138	0.308174676570602
m7	17	Egg	2	2	0.1	1.64908296044863	0.237775527104482	91.9005098269133	0.836587301587302	0.272956349206349	0.168195226167708	0.200804705555417
m1	18	Egg	2	2	0.1	1.33463290357247	0.312873447680414	158.022734169841	0.901660401002506	0.384956349206349	0.178070146842131	0.314535023215177
m2	18	Egg	2	2	0.1	1.04593407591205	0.323849082560749	131.819666752737	0.934792626728111	0.430626984126984	0.214762986832508	0.357066445229451
m3	18	Egg	2	2	0.1	1.49446203925579	0.347003080214903	104.821517650175	0.848580586080586	0.26259126984127	0.163238152726389	0.204272051231738
m4	18	Egg	2	2	0.1	1.44414557339774	0.300601006810323	143.819085031255	0.879100529100529	0.329940476190476	0.171302460745112	0.259185499673173
m5	18	Egg	2	2	0.1	1.98226930015929	0.330730640583795	116.960965571168	0.748236331569665	0.20931746031746	0.153351641130314	0.135093704728418
m6	18	Egg	2	2	0.1	1.74070803938439	0.372794313334813	133.878286575305	0.811139455782313	0.240511904761905	0.145758128658866	0.165331315922798
m7	18	Egg	2	2	0.1	1.66935872302627	0.355999312189602	114.447634704046	0.831646825396825	0.264071428571429	0.170123178063763	0.193743072887717
m1	19	Egg	2	2	1e-04	0.9535479755494	0.573082283339398	131.715474768979	0.975490196078431	0.505111111111111	0.206867152533198	0.44077513570775
m2	19	Egg	2	2	1e-04	0.971168685404935	0.585316353264297	131.778591136095	0.971778711484594	0.449150793650794	0.22161538329319	0.381199727801096
m3	19	Egg	2	2	0.1	1.7557162666974	0.345538051728212	117.337074999945	0.810483870967742	0.214809523809524	0.148561177837181	0.169961741042919
m4	19	Egg	2	2	0.1	1.22355837563522	0.240472891952903	131.853605712633	0.921428571428571	0.373539682539683	0.172834684771094	0.307533254208781
m5	19	Egg	2	2	0.1	1.61647278973885	0.245561252877409	84.4850832030409	0.844607843137255	0.260452380952381	0.163102003560222	0.20221323398434
m6	19	Egg	2	2	0.1	1.20627429594639	0.280650854821575	98.909439974545	0.934656084656085	0.34327380952381	0.202644422393093	0.278244457093513
m7	19	Egg	2	2	0.1	1.38920399425296	0.263643339374989	123.022529097049	0.902601410934744	0.357690476190476	0.186803779670604	0.290006006016439
m1	20	Egg	2	2	0.1	0.939471057531084	0.250825537760553	144.03178419985	0.929591836734694	0.480309523809524	0.218691835464285	0.41322839348185
m2	20	Egg	2	2	1e-04	0.950484746649676	0.508130818560258	131.808668656686	0.970588235294118	0.497154761904762	0.187956129949365	0.428011622721875
m3	20	Egg	2	2	0.1	1.8441429136784	0.344241094118604	84.2892385963577	0.787063492063492	0.227047619047619	0.158627048039366	0.168076597185355
m4	20	Egg	2	2	0.1	1.61497952978848	0.377188727853873	108.410758796443	0.778025793650794	0.335277777777778	0.18409815034805	0.271303450096047
m5	20	Egg	2	2	0.1	1.93824162370804	0.25917307683723	88.5914687027611	0.700549450549451	0.23556746031746	0.158468746731808	0.176705505384347
m6	20	Egg	2	2	0.1	1.08532538219689	0.25376714491368	119.638170078707	0.856859410430839	0.442563492063492	0.189053946965463	0.381027652060764
m7	20	Egg	2	2	0.1	1.12936721497471	0.213709375191335	107.364262515378	0.899710424710425	0.492785714285714	0.200482766993069	0.424719512142579
m1	21	Egg	2	2	0.1	1.11472440267456	0.279753681310973	119.638170088359	0.876746031746032	0.44984126984127	0.194337040422336	0.382199174609925
m2	21	Egg	2	2	0.1	1.05623862809406	0.283037646440687	107.36426254693	0.917047619047619	0.454702380952381	0.190378339990825	0.392415558502349
m3	21	Egg	2	2	1e-04	1.34472850001586	0.547942257817971	95.9997951783657	0.883333333333333	0.318305555555556	0.166426390769818	0.250723242905512
m4	21	Egg	2	2	0.1	1.22248661350735	0.310755934782777	109.457255119156	0.86832298136646	0.47084126984127	0.194885070738775	0.407475638375006
m5	21	Egg	2	2	0.1	1.80685574499416	0.280476385857339	88.5914687688148	0.751228878648234	0.21243253968254	0.141640835293156	0.155782914015003
m6	21	Egg	2	2	0.1	1.11133629134708	0.266536517480524	109.457255101503	0.871168154761905	0.472730158730159	0.190553745033899	0.410016917366081
m7	21	Egg	2	2	0.1	1.22065673514796	0.21547790125352	97.1833475326862	0.872849462365591	0.456666666666667	0.185540998445178	0.386652943649177
m1	22	Egg	2	2	0.1	0.939294717130202	0.293205057521465	130.012528862529	0.943528693528694	0.514773809523809	0.208106630931919	0.447848496849291
m2	22	Egg	2	2	1e-04	0.700404612191562	0.453831676467906	117.805383568317	0.976915113871636	0.475345238095238	0.202105696227507	0.407705926218308
m3	22	Egg	2	2	1e-04	1.44682180873247	0.635981942574079	92.5476110381482	0.863032581453634	0.317099206349206	0.174143360310679	0.247838785554802
m4	22	Egg	2	2	0.1	1.06170370062249	0.236717691793188	129.819085046113	0.871626984126984	0.439095238095238	0.200581346049119	0.370334074357573
m5	22	Egg	2	2	0.1	1.60478116200643	0.199612498906278	91.8060577601028	0.778047619047619	0.288214285714286	0.176983601226094	0.224321671033398
m6	22	Egg	2	2	0.1	1.23604760643544	0.266832176006946	111.183347564413	0.861834733893557	0.359535714285714	0.201666501624374	0.288677499611361
m7	22	Egg	2	2	0.1	1.50648893769279	0.210007469618459	113.80259781605	0.88023088023088	0.240821428571429	0.161015234499982	0.161165511078792
m1	23	Egg	2	2	0.1	1.48375796584273	0.340906634976623	145.754773015707	0.862993197278912	0.356190476190476	0.157289457467593	0.290247107942173
m2	23	Egg	2	2	0.1	1.58659553083506	0.276217118773818	145.838168860004	0.87979407979408	0.328424603174603	0.172780145893511	0.259639063184712
m3	23	Egg	2	2	0.1	1.86465837295844	0.379765647986903	109.516649800433	0.780213464696223	0.21922619047619	0.160510343496066	0.159537941280827
m4	23	Egg	2	2	0.1	1.61201322912247	0.371475531169946	145.545177485907	0.807431457431457	0.328940476190476	0.166232315123198	0.26121724573232
m5	23	Egg	2	2	0.1	1.95058101971037	0.255946078287117	115.9468123532	0.720046082949309	0.195428571428571	0.148434758490441	0.12860560165037
m6	23	Egg	2	2	0.1	1.65338071136644	0.319797826091169	125.402497923975	0.791248391248391	0.30897619047619	0.158252023374225	0.232288627119076
m7	23	Egg	2	2	0.1	1.67810625914323	0.374486556697417	140.244362485702	0.808751608751609	0.236821428571429	0.180591748491638	0.168917992334371
m1	24	Egg	2	2	0.1	1.30721196640109	0.313909018940871	178.848253439867	0.891248391248391	0.384003968253968	0.190817050904115	0.314803869828195
m2	24	Egg	2	2	0.1	1.10181055675119	0.262150222021208	131.545177493626	0.930844155844156	0.389718253968254	0.194024769318771	0.314549665022026
m3	24	Egg	2	2	0.1	1.51171901576095	0.250504738091519	105.151827439595	0.843910256410256	0.264440476190476	0.179110510248471	0.201782608777884
m4	24	Egg	2	2	0.1	1.59636528969988	0.42490427793443	147.63817006715	0.795396825396825	0.287619047619048	0.157600305812169	0.215310502094532
m5	24	Egg	2	2	0.1	2.40483833223801	0.265226941775748	101.061827280191	0.611142857142857	0.148670634920635	0.125224861119812	0.092701870532371
m6	24	Egg	2	2	0.1	1.68184270731939	0.410997073054225	158.420433131939	0.773333333333333	0.306702380952381	0.170956746662666	0.233635783936447
m7	24	Egg	2	2	0.1	1.34468509442093	0.241231653134893	136.74750731561	0.898645320197044	0.372797619047619	0.185975195725754	0.303910027360735
m1	25	Egg	2	2	0.1	1.07118756579154	0.219971963683425	133.638170091229	0.901388888888889	0.397571428571429	0.184969548058516	0.331346471922535
m2	25	Egg	2	2	0.1	0.9538784049185	0.292059286970838	107.36426253015	0.916233766233766	0.458424603174603	0.202875423995729	0.392942949388548
m3	25	Egg	2	2	1e-04	0.906938483256849	0.381356756706436	101.002432610704	0.913809523809524	0.396337301587302	0.214364447728243	0.329043821323109
m4	25	Egg	2	2	0.1	1.22001711876411	0.230865655493201	133.638170068	0.865513392857143	0.404527777777778	0.20697022778447	0.345138577165096
m5	25	Egg	2	2	0.1	1.95644832152879	0.408281754004195	115.903882384871	0.73010752688172	0.195412698412698	0.171322803314766	0.137836287128694
m6	25	Egg	2	2	0.1	1.43980069929714	0.354793178062556	113.276340174101	0.828409090909091	0.379345238095238	0.201345949687025	0.311327241979929
m7	25	Egg	2	2	0.1	1.42996397435851	0.303754979719315	111.488411538439	0.872619047619048	0.335531746031746	0.18415046613049	0.266756838872952
m1	26	Egg	2	2	0.1	1.17358990464723	0.381748022150863	121.548314359331	0.8921875	0.390543650793651	0.199000852295001	0.320939939631907
m2	26	Egg	2	2	0.1	1.29416466380759	0.323389583825434	121.364262514684	0.870707070707071	0.397623015873016	0.210654703244547	0.327678732260203
m3	26	Egg	2	2	0.1	1.67752988885052	0.304668783976019	92.8860641834626	0.857681405895692	0.254559523809524	0.178138328001596	0.18844143703687
m4	26	Egg	2	2	0.1	1.34970627528992	0.368134238333764	111.463638018259	0.883333333333333	0.359460317460317	0.165045345821286	0.29072945972751
m5	26	Egg	2	2	0.1	1.67138523945977	0.281577147951449	84.4790066555916	0.818233082706767	0.238630952380952	0.165095006248543	0.162796950413426
m6	26	Egg	2	2	0.1	1.27285387791235	0.335035782599336	112.04964923353	0.864666666666667	0.361805555555556	0.194812457276041	0.290824997257056
m7	26	Egg	2	2	0.1	1.40110698069005	0.284980059006269	111.862943742507	0.856221198156682	0.35297619047619	0.195819306696155	0.288413889566647
m1	27	Egg	2	2	0.1	1.46567994494738	0.48534773586901	135.558777875006	0.846245421245421	0.298380952380952	0.171586203647908	0.227102427815653
m2	27	Egg	2	2	0.1	1.56934451049192	0.266977327786339	135.364262514212	0.855797101449275	0.260214285714286	0.179998799085401	0.196647872742133
m3	27	Egg	2	2	0.1	1.78082205547651	0.231088601515492	109.516649801016	0.769857142857143	0.199662698412698	0.14426978208412	0.138986301205966
m4	27	Egg	2	2	0.1	1.67653161132527	0.365562595315658	135.364262521687	0.789880952380952	0.312904761904762	0.162595585709103	0.249177941309501
m5	27	Egg	2	2	0.1	1.79226485319789	0.301730100927045	97.4267999690436	0.758503401360544	0.217757936507937	0.154727895678634	0.152139815772504
m6	27	Egg	2	2	0.1	1.59868111187148	0.366862774889726	115.682028795938	0.808658008658009	0.271321428571429	0.168819930042732	0.202392257735052
m7	27	Egg	2	2	0.1	1.78609086909718	0.273389849253504	105.80352771699	0.741269841269841	0.243638888888889	0.16614251063213	0.168628863866554
m1	28	Egg	2	2	0.1	1.5984747773774	0.340347835743671	135.591868838084	0.837274220032841	0.331	0.175649814608228	0.266219950036511
m2	28	Egg	2	2	0.1	1.73133806085219	0.469411597832438	135.682031826819	0.801515151515152	0.302666666666667	0.193158654801051	0.230048651349302
m3	28	Egg	2	2	0.1	1.962006574815	0.353963191159078	97.2427422466875	0.75515873015873	0.210757936507937	0.154199653456307	0.139534063912569
m4	28	Egg	2	2	0.1	1.59526574414029	0.347237778314408	135.719686828267	0.79015444015444	0.334214285714286	0.161034199613339	0.266569782392371
m5	28	Egg	2	2	0.1	1.76497732833403	0.234118601565181	97.426800706028	0.757043650793651	0.221325396825397	0.158825204227996	0.162443516036586
m6	28	Egg	2	2	0.1	1.53496682859639	0.332757202900293	114.803703031457	0.850925925925926	0.275821428571429	0.177046939380862	0.201240454560854
m7	28	Egg	2	2	0.1	1.69025114868225	0.304901952477564	126.797671847087	0.84828869047619	0.25272619047619	0.146522375093474	0.185188939575004
m1	29	Egg	2	2	0	5.29079412854069e-06	6.53187268590345e-06	132.506695300039	1	0.67852380952381	0.247732098550319	0.629159962513014
m2	29	Egg	2	2	0	0.261526857586399	0.127315787391775	127.096623932234	0.986243386243386	0.560865079365079	0.207458314048679	0.496703106595856
m3	29	Egg	2	2	0	0.77113082152603	0.264582554607311	110.088998194282	0.918918918918919	0.380861111111111	0.196191396670882	0.311091879567495
m4	29	Egg	2	2	0	4.92192807290155e-06	5.40845716354474e-06	136.941159755967	1	0.705642857142857	0.235108650776881	0.659240359289416
m5	29	Egg	2	2	0	0.707256162213174	0.157799831780271	88.973955141814	0.9375	0.360972222222222	0.190382099701398	0.299889380995867
m6	29	Egg	2	2	0	0.451928720125423	0.108559566353905	113.689225757858	0.970443349753695	0.46818253968254	0.199453494181195	0.397132845478528
m7	29	Egg	2	2	0	0.93915301218724	0.163008938891217	78.4379816887918	0.920952380952381	0.260361111111111	0.152498775903309	0.175037539669652
m1	30	Egg	2	2	0.1	1.09595432595399	0.241781286877931	143.819085029144	0.910622710622711	0.504492063492063	0.200043282814809	0.446632653924574
m2	30	Egg	2	2	1e-04	0.996363967371764	0.752466596965745	131.545177496894	0.944581280788177	0.508035714285714	0.186321049023677	0.436840441920743
m3	30	Egg	2	2	0.1	1.85810503814559	0.279986823597341	105.501113814164	0.804638752052545	0.177130952380952	0.129253408254605	0.114349043237246
m4	30	Egg	2	2	0.1	1.50743166106581	0.352035993129596	132.591673779621	0.86492673992674	0.327821428571429	0.195181953293835	0.264657128877308
m5	30	Egg	2	2	0.1	1.99641805798408	0.298298788851568	85.1392838073238	0.737425595238095	0.173119047619048	0.148568701720761	0.112556804473315
m6	30	Egg	2	2	0.1	1.20070630622239	0.262591538675584	119.63817006979	0.894745484400657	0.413111111111111	0.197638910588475	0.345537584892689
m7	30	Egg	2	2	0.1	1.29827779218125	0.27199824157807	107.660555411674	0.912229437229437	0.403	0.208073154378476	0.342609032741338
m1	31	Egg	2	2	0.1	1.73560527838451	0.347918159024214	161.854730871912	0.771296296296296	0.28977380952381	0.179076653819392	0.219810988631046
m2	31	Egg	2	2	0.1	1.62447172271207	0.302251907528832	159.303161356029	0.843217893217893	0.292416666666667	0.171335072756864	0.227018819218158
m3	31	Egg	2	2	0.1	1.84414098852814	0.276992792502424	94.2737025548374	0.816349206349206	0.212611111111111	0.154551566465374	0.149720962572406
m4	31	Egg	2	2	0.1	1.93667990086706	0.356678340016417	136.737754518259	0.736836734693878	0.222138888888889	0.152672273091177	0.151155707493872
m5	31	Egg	2	2	0.1	2.42964497439229	0.337885911819801	120.245858578219	0.602956989247312	0.110111111111111	0.121252633578905	0.0550684518145509
m6	31	Egg	2	2	0.1	2.05913926162419	0.430177893675126	141.125602219788	0.70632183908046	0.182777777777778	0.144930946473553	0.118856011476483
m7	31	Egg	2	2	0.1	1.62663917062689	0.243897061106945	115.682028754828	0.821800595238095	0.264261904761905	0.162085918160377	0.188773294611591
m1	32	Egg	2	2	0.1	1.81561740964285	0.32306292145841	172.052574714902	0.759523809523809	0.265626984126984	0.164326816676696	0.195564150065838
m2	32	Egg	2	2	0.1	1.5027657089198	0.282109926685933	145.838168864372	0.882509157509157	0.312916666666667	0.165279076993658	0.241435695941968
m3	32	Egg	2	2	0.1	1.83071619868387	0.360060716751521	109.516649800433	0.747514005602241	0.231238095238095	0.174652288776444	0.172113718765313
m4	32	Egg	2	2	0.1	1.95670276847685	0.402853709650773	174.309924459417	0.758730158730159	0.237992063492063	0.163667311171522	0.173360240686531
m5	32	Egg	2	2	0.1	2.57234824173438	0.345730626596495	102.192989328332	0.553385416666667	0.105095238095238	0.102758496021237	0.045773013460477
m6	32	Egg	2	2	0.1	2.06442426412874	0.360430636787544	140.229843838936	0.741379310344828	0.169126984126984	0.142668359041944	0.110090398568508
m7	32	Egg	2	2	0.1	1.71113209651138	0.240721215447384	140.244362485702	0.799914965986395	0.243916666666667	0.166692165901356	0.172813228730532
m1	33	Egg	2	2	0.1	1.53781102575372	0.428170863538023	135.591869035413	0.82485119047619	0.307107142857143	0.170130252642625	0.23502355823798
m2	33	Egg	2	2	0.1	1.62057171643941	0.389398543911331	135.682031659724	0.838095238095238	0.300492063492063	0.171121836609749	0.235647571581408
m3	33	Egg	2	2	0.1	2.00889180247434	0.262185484390654	97.6020941103475	0.771800595238095	0.173448412698413	0.15630751097827	0.122556448952529
m4	33	Egg	2	2	0.1	1.76824919526644	0.427464876848198	135.719686463266	0.748115079365079	0.27952380952381	0.16257604395647	0.214278724761586
m5	33	Egg	2	2	0.1	1.78252202117542	0.291109655460839	97.4268007691721	0.774579831932773	0.189194444444444	0.152806003808011	0.134782814497975
m6	33	Egg	2	2	0.1	1.41162320153025	0.363494723478459	114.803703031478	0.853134920634921	0.316615079365079	0.156801166166926	0.243298541417825
m7	33	Egg	2	2	0.1	1.70539960414112	0.269408917312658	126.797671847087	0.805829228243021	0.229492063492063	0.156027647932122	0.166714406039341
m1	34	Egg	2	2	0.1	1.42912060400395	0.329358623048634	159.7551302482	0.884438775510204	0.295349206349206	0.162745900459541	0.218991474997975
m2	34	Egg	2	2	0.1	1.45865412179166	0.272389541879568	145.828962038789	0.906854256854257	0.309297619047619	0.180424543353683	0.238717695360331
m3	34	Egg	2	2	0.1	1.77855071670372	0.267048408172857	106.54761016398	0.791976190476191	0.185059523809524	0.143522418282223	0.12446016502079
m4	34	Egg	2	2	0.1	1.56795188941097	0.314860790366616	172.632550612437	0.862226512226512	0.307619047619048	0.168646507033207	0.22722535113161
m5	34	Egg	2	2	0.1	2.134040474778	0.333852845303223	117.560345765066	0.734829931972789	0.127488095238095	0.118926329841419	0.0679685527785467
m6	34	Egg	2	2	0.1	1.85238770911957	0.263021482076092	116.894508391246	0.785989010989011	0.199595238095238	0.144646305756429	0.132016745023022
m7	34	Egg	2	2	0.1	1.65742206299391	0.274967346235123	126.906620686993	0.800457875457876	0.264325396825397	0.159916964713558	0.193240734307491
m1	35	Egg	2	2	0.1	1.66867789791113	0.421828140318032	158.039138558089	0.797435897435897	0.316801587301587	0.161764018110629	0.243918280638453
m2	35	Egg	2	2	0.1	1.62493429710447	0.375154929415733	145.838166617699	0.856622023809524	0.304722222222222	0.173049090301917	0.236031129816641
m3	35	Egg	2	2	0.1	1.86768854701669	0.296823914161518	109.516649801016	0.747495894909688	0.188769841269841	0.131857125717844	0.135245932490625
m4	35	Egg	2	2	0.1	1.74069273168044	0.392560007237292	146.591673793466	0.741486291486292	0.318892857142857	0.174580005741587	0.247241917146374
m5	35	Egg	2	2	0.1	2.25992552954351	0.415949184070536	100.185780158986	0.613265306122449	0.161095238095238	0.154361868746218	0.102708975949819
m6	35	Egg	2	2	0.1	1.74977147842541	0.439705342116698	137.45725508836	0.795047619047619	0.25722619047619	0.157654295400254	0.190017453238733
m7	35	Egg	2	2	0.1	1.78427295405381	0.287436300958898	140.244362485702	0.776551226551227	0.232452380952381	0.166898383894923	0.162835550049072
m1	36	Egg	2	2	0.1	1.49195407612598	0.322154737227439	157.819085035698	0.850768049155146	0.353738095238095	0.186106074383336	0.290316560247008
m2	36	Egg	2	2	0.1	1.18382559613247	0.357916986332569	131.814400456989	0.919940476190476	0.379559523809524	0.204944788891388	0.312173920924692
m3	36	Egg	2	2	0.1	1.6017509011339	0.380132739015981	106.744061099941	0.809154351395731	0.287738095238095	0.152605176015341	0.227652899575191
m4	36	Egg	2	2	0.1	1.57121353529645	0.358096982624914	146.591673780437	0.810682110682111	0.356583333333333	0.180740985526662	0.291506813751239
m5	36	Egg	2	2	0.1	2.23005159533398	0.350265267829298	101.738560066827	0.658415435139573	0.171035714285714	0.130250870911964	0.102000555277015
m6	36	Egg	2	2	0.1	1.51810418283602	0.335929682346255	126.401755585158	0.828125	0.318087301587302	0.179986935845519	0.256361699172276
m7	36	Egg	2	2	0.1	1.42591141716282	0.276515540627329	123.969700840117	0.837847222222222	0.354416666666667	0.178856057833431	0.282892490136525
m1	37	Egg	2	2	1e-04	0.588430887656185	0.335681074147257	131.54517748672	0.983650793650794	0.497587301587302	0.198833285829418	0.435943578470396
m2	37	Egg	2	2	1e-04	0.732225291527636	0.48542428432894	131.545177485322	0.968342151675485	0.509845238095238	0.194712455912925	0.443981893429557
m3	37	Egg	2	2	0.1	1.40458550451718	0.344411713262083	115.002432609481	0.87336860670194	0.282912698412698	0.178949120644763	0.22499656301212
m4	37	Egg	2	2	0.1	0.965918135564983	0.151214215293689	131.545177475823	0.957142857142857	0.392444444444444	0.176694633140108	0.330444295164326
m5	37	Egg	2	2	0	0.99453600813423	0.189560436077922	80.503253976095	0.913725490196078	0.258329365079365	0.171827525905848	0.188140388760382
m6	37	Egg	2	2	1e-04	0.824891421303028	0.500423572866916	99.059811478256	0.963644688644689	0.419436507936508	0.19734628422934	0.350374441719118
m7	37	Egg	2	2	0.1	1.24922520421033	0.203377452836597	123.101449231067	0.898992673992674	0.362761904761905	0.190808473396174	0.294427509718783
m1	38	Egg	2	2	0.1	1.28341585555774	0.453955795894148	133.638170058644	0.878571428571429	0.397186507936508	0.186729432735513	0.328121159388768
m2	38	Egg	2	2	0.1	1.16492611258054	0.316489337468157	121.36426250639	0.925757575757576	0.430309523809524	0.220003314661786	0.364846684858382
m3	38	Egg	2	2	0.1	1.73030311123164	0.28866578854213	109.999795130825	0.808641975308642	0.180337301587302	0.155140049515824	0.134097992171766
m4	38	Egg	2	2	0.1	1.41219650418088	0.341865376398376	123.457255088912	0.85639880952381	0.368777777777778	0.200405257649965	0.300200206660685
m5	38	Egg	2	2	0.1	1.96630745660454	0.382263219088638	89.8344160215479	0.701785714285714	0.209313492063492	0.160455603657341	0.152493762873424
m6	38	Egg	2	2	0.1	1.49365939861941	0.362961449454127	113.955936302499	0.816117216117216	0.330492063492064	0.180122790328728	0.26309349729911
m7	38	Egg	2	2	0.1	1.51825273986117	0.293854403267084	101.682028761122	0.826344086021505	0.36568253968254	0.195259215100637	0.300717542516107
m1	39	Egg	2	2	0.1	1.19956467497747	0.29297175228946	179.781416763883	0.904341736694678	0.449051587301587	0.209092818398635	0.388075252482481
m2	39	Egg	2	2	0.1	1.25433081099466	0.337445837798941	155.87666076831	0.915701415701416	0.419027777777778	0.20251584201358	0.349165298678034
m3	39	Egg	2	2	0.1	1.80839067616666	0.312304184733502	105.871632927582	0.828125	0.186424603174603	0.132830655199577	0.122900155752631
m4	39	Egg	2	2	0.1	1.87334740150564	0.285314021503209	146.591673766377	0.789863945578231	0.274619047619048	0.156655533083635	0.216949105672504
m5	39	Egg	2	2	0.1	2.24648152619868	0.324716539667798	102.80204095858	0.695833333333333	0.106075396825397	0.124913201385567	0.0609907160537802
m6	39	Egg	2	2	0.1	1.39224548811862	0.278390560890202	123.626765538863	0.893650793650794	0.32077380952381	0.184975078147625	0.255585042818335
m7	39	Egg	2	2	0.1	1.41432476057962	0.362566884450119	97.4445411327972	0.875915750915751	0.377333333333333	0.166449982830183	0.305144900344965
m1	40	Egg	2	2	0.1	1.31897985234559	0.346440030438167	133.864888097888	0.875468975468976	0.383956349206349	0.206048178440118	0.312058442502205
m2	40	Egg	2	2	0.1	1.31707038522841	0.312013381370797	121.660426635552	0.860555555555556	0.379	0.179874396600566	0.303994586111864
m3	40	Egg	2	2	0.1	1.5796314719202	0.238085184342515	92.5476100633293	0.858064516129032	0.247555555555556	0.150619289842564	0.175975731975208
m4	40	Egg	2	2	0.1	1.37027218898068	0.319471314764533	119.638170063084	0.860555555555556	0.393801587301587	0.185888889888321	0.325645271890096
m5	40	Egg	2	2	0.1	1.93277785083136	0.324127926379816	103.438594817711	0.73678955453149	0.192801587301587	0.15828504027102	0.11957211018554
m6	40	Egg	2	2	0.1	1.54927315057563	0.307281691938974	104.454617531059	0.820634920634921	0.250607142857143	0.168876853417763	0.184640755000503
m7	40	Egg	2	2	0.1	1.79103725892047	0.355834388303371	92.1807099447163	0.789955357142857	0.241619047619048	0.184960415368295	0.17965201146858
m1	41	Egg	2	2	0.1	0.74361541752322	0.273288955692274	126.192701095536	0.971794871794872	0.603845238095238	0.233379088619326	0.5503522612862
m2	41	Egg	2	2	0.1	1.06286947403959	0.225405398538356	117.803215213431	0.944688644688645	0.449980158730159	0.197346746832208	0.37499426897628
m3	41	Egg	2	2	0.1	1.53424318670888	0.285596573714179	92.7440610513523	0.848492063492064	0.308178571428571	0.15640199654858	0.24664672775522
m4	41	Egg	2	2	0.1	0.971480743782929	0.356012579479735	115.819085030402	0.916335978835979	0.554714285714286	0.273572262681087	0.507896700053925
m5	41	Egg	2	2	0.1	1.71572548272017	0.228895402445137	94.4701535067713	0.803968253968254	0.253253968253968	0.164270203030699	0.192807971433835
m6	41	Egg	2	2	1e-04	0.844375706956534	0.423280986716869	109.252414718771	0.949615975422427	0.397575396825397	0.174305957540909	0.328488828356009
m7	41	Egg	2	2	1e-04	1.37140276776404	0.690484278588321	90.712144975672	0.92047619047619	0.276630952380952	0.146423600517071	0.203142206764308
m1	42	Egg	2	2	0.1	1.6855365622998	0.367618600176649	147.850005876957	0.789635854341737	0.33652380952381	0.155530234709209	0.264219453138301
m2	42	Egg	2	2	0.1	1.42449567212625	0.356031397232304	159.303161356029	0.8625	0.308869047619048	0.174756702719981	0.2396362417134
m3	42	Egg	2	2	0.1	1.96186529481319	0.351975810562554	94.2737025548374	0.781128747795415	0.172472222222222	0.130185144071416	0.116223742459943
m4	42	Egg	2	2	0.1	1.66094836293079	0.365129433534132	136.410758832046	0.79390756302521	0.326027777777778	0.184099520605506	0.253151758321883
m5	42	Egg	2	2	0.1	2.11017682726362	0.286835723725548	118.105876056718	0.658333333333333	0.206222222222222	0.13900730058485	0.144565051261485
m6	42	Egg	2	2	0.1	1.69298189577082	0.258364110484242	138.136851270921	0.774859943977591	0.298900793650794	0.16425460175249	0.224563414793574
m7	42	Egg	2	2	0.1	1.6675960472744	0.271854578407619	115.682028753809	0.794419642857143	0.283825396825397	0.186712608624953	0.217261200831482
m1	43	Egg	2	2	0.1	1.03405306663406	0.243931736563229	121.36426254175	0.902056277056277	0.428992063492063	0.204766121396155	0.363545193571841
m2	43	Egg	2	2	1e-04	0.860540261968085	0.741914975908582	107.364262519629	0.934285714285714	0.510952380952381	0.207914613918473	0.445442716809393
m3	43	Egg	2	2	1e-04	1.38222215144649	0.643880786647166	92.5476110381482	0.860714285714286	0.283642857142857	0.169293760460567	0.215904138067747
m4	43	Egg	2	2	0.1	1.03925810508873	0.229892656464938	121.364262532035	0.913440860215054	0.403392857142857	0.213922610365713	0.337335498099011
m5	43	Egg	2	2	0.1	1.72827388817629	0.312073540199568	93.7325493515434	0.809235209235209	0.219583333333333	0.153000425740224	0.160371955510306
m6	43	Egg	2	2	0.1	1.49917440757919	0.276641930483634	108.054873525988	0.843333333333333	0.25825	0.163002940199582	0.186546948863022
m7	43	Egg	2	2	0.1	1.56767545997616	0.188111773090566	101.072055010511	0.807619047619048	0.294785714285714	0.133268015076787	0.216729107070888
m1	44	Egg	2	2	0.1	1.18091596091117	0.417836255272146	165.286906868187	0.914666666666667	0.387119047619048	0.205776162075088	0.314559794399707
m2	44	Egg	2	2	0.1	1.06985880085516	0.210560673469739	155.813415778923	0.956060606060606	0.419940476190476	0.183608793936187	0.351504850256136
m3	44	Egg	2	2	0.1	1.66739519551321	0.32487974182665	92.5476100858096	0.861414565826331	0.252865079365079	0.171082638578088	0.193646586623899
m4	44	Egg	2	2	0.1	1.45896939217204	0.350510180044246	119.638170084357	0.835119047619048	0.359920634920635	0.193031970631667	0.298558943315831
m5	44	Egg	2	2	0.1	1.96641145600266	0.345795931284964	99.3357348789025	0.692296918767507	0.233305555555556	0.187038025696215	0.168744582475465
m6	44	Egg	2	2	0.1	1.34548219385416	0.400856107339019	133.638170062167	0.836217948717949	0.382960317460317	0.200229749524716	0.322032021456101
m7	44	Egg	2	2	0.1	1.35487844116965	0.174686006555355	136.74750731561	0.891666666666667	0.350119047619048	0.178529946369194	0.279265552171938
m1	45	Egg	2	2	0.1	1.60788615448055	0.2979522064927	154.977888674046	0.842929292929293	0.309206349206349	0.160478942764935	0.238148688689621
m2	45	Egg	2	2	0.1	1.56861434283896	0.485064934643953	123.360961105689	0.853656462585034	0.287738095238095	0.201623834902971	0.223062959611576
m3	45	Egg	2	2	0.1	2.04331707409921	0.375986808292197	97.2427422466875	0.75625	0.195861111111111	0.158637842472964	0.133202097386833
m4	45	Egg	2	2	0.1	1.98334332485575	0.369489606625086	124.435393772492	0.724195624195624	0.290337301587302	0.159926501855174	0.22517619655421
m5	45	Egg	2	2	0.1	2.04409708416217	0.305669376591011	98.0160788200055	0.702130325814536	0.206011904761905	0.146084905371523	0.133685219037438
m6	45	Egg	2	2	0.1	1.44697504337411	0.295131894937039	126.526263119714	0.90447619047619	0.259337301587302	0.167796210329392	0.198962591943333
m7	45	Egg	2	2	0.1	1.70890991977856	0.277571264684653	104.173998818314	0.824470899470899	0.258571428571429	0.16298805543529	0.18473744384524
m1	46	Egg	2	2	0.1	0.867100877855929	0.281548675557608	119.793696789312	0.929323308270677	0.533170634920635	0.204892259260194	0.469390490978869
m2	46	Egg	2	2	1e-04	0.71701795486879	0.625063176368146	107.364262502936	0.948761904761905	0.499115079365079	0.217278797544896	0.438719625110492
m3	46	Egg	2	2	0	1.12477702214032	0.203867948630798	84.0281172679122	0.859831029185868	0.274119047619048	0.172246294392307	0.214965751938794
m4	46	Egg	2	2	0.1	1.29328042222244	0.265964353212147	109.457255105895	0.87202380952381	0.438261904761905	0.189758675935723	0.371124118640895
m5	46	Egg	2	2	0.1	1.90361406298793	0.276650141092964	86.6716546011453	0.743589743589744	0.228440476190476	0.162818286796813	0.162577799852046
m6	46	Egg	2	2	0.1	1.09993851520228	0.30347378066629	119.63817007734	0.867931547619048	0.490261904761905	0.190333293259984	0.424883879495269
m7	46	Egg	2	2	1e-04	0.880311840280379	0.751917248755316	107.364262512472	0.916436251920123	0.482392857142857	0.216593070013185	0.4155446119623
m1	47	Egg	2	2	0.1	1.09691406618886	0.313415847543603	144.035878631846	0.929260651629073	0.452099206349206	0.211501399696119	0.387154928400302
m2	47	Egg	2	2	0.1	1.05477638733859	0.25359359554155	155.813415778923	0.956598639455782	0.435107142857143	0.194816948532433	0.367995126111768
m3	47	Egg	2	2	0.1	1.67751290982693	0.24477021936869	92.5476100694437	0.862301587301587	0.258031746031746	0.137046254200565	0.191011809194993
m4	47	Egg	2	2	0.1	1.46842837966892	0.356694717099394	119.638170084357	0.817027417027417	0.361376984126984	0.206679707012902	0.292493701105365
m5	47	Egg	2	2	0.1	2.12077365536731	0.394803056219496	99.3357348933844	0.661666666666667	0.217714285714286	0.161306852992307	0.161412739847584
m6	47	Egg	2	2	0.1	1.41140023311399	0.339305862572203	133.638170062167	0.827432712215321	0.385607142857143	0.183610331445828	0.322542994582519
m7	47	Egg	2	2	0.1	1.30816411620588	0.258153196909024	111.183347531191	0.897069597069597	0.405845238095238	0.194003394055043	0.339571278999512
m1	48	Egg	2	2	0.1	1.61675168687504	0.451780641844231	158.063900862073	0.832348111658456	0.327357142857143	0.184091215053336	0.248710163155885
m2	48	Egg	2	2	0.1	1.66061317062003	0.338571821503093	145.867658956273	0.82750626566416	0.33025	0.163300113488751	0.258354109383442
m3	48	Egg	2	2	0.1	2.02445722511902	0.321173773334553	97.2427422889394	0.76010101010101	0.202138888888889	0.140420163298504	0.144578422329414
m4	48	Egg	2	2	0.1	1.890281241417	0.356077212550664	132.59167377984	0.722350230414747	0.31959126984127	0.148384687297793	0.250328382466296
m5	48	Egg	2	2	0.1	2.17362050304243	0.330351716578081	100.185780158986	0.626461038961039	0.200511904761905	0.167465211882134	0.130847576215907
m6	48	Egg	2	2	0.1	1.68835294107931	0.314014694257681	136.410758816607	0.798111658456486	0.30868253968254	0.151590032688467	0.24125009102733
m7	48	Egg	2	2	0.1	1.86785433951195	0.262650858010628	139.689725374575	0.80375	0.206369047619048	0.148718938545069	0.144080248937066
m1	49	Egg	2	2	0.1	1.23899255396264	0.33621919926867	133.638170058644	0.883261183261183	0.367202380952381	0.218480608599802	0.296022002354154
m2	49	Egg	2	2	0.1	1.25264574402	0.352020793141847	121.36426250639	0.914367816091954	0.373039682539683	0.206696966644565	0.302496548880837
m3	49	Egg	2	2	0.1	1.63462354673227	0.258953514014159	110.326025247914	0.847083333333333	0.195884920634921	0.155425594888256	0.141333101321214
m4	49	Egg	2	2	0.1	1.4078548208455	0.335795402592099	145.416272091283	0.867809523809524	0.314646825396825	0.18392873331863	0.246416951576608
m5	49	Egg	2	2	0.1	2.05266076218214	0.337039457555607	89.8344160215479	0.663594470046083	0.200964285714286	0.153467381165189	0.141075316454216
m6	49	Egg	2	2	0.1	1.47594503373043	0.409755003772835	113.955936302499	0.804689754689755	0.346166666666667	0.213922021812161	0.284662305317373
m7	49	Egg	2	2	0.1	1.58527176225573	0.299231256146806	101.682028761122	0.803571428571429	0.369261904761905	0.200900733727618	0.296190277301105
m1	50	Egg	2	2	0.1	1.8032596009381	0.359131594391802	161.862110158306	0.78294930875576	0.278630952380952	0.181180109654089	0.209830993240695
m2	50	Egg	2	2	0.1	1.73111558923542	0.392972216499985	135.668969229275	0.783333333333333	0.298456349206349	0.190408386525965	0.230683941329738
m3	50	Egg	2	2	0.1	1.97476042432774	0.278271187517792	97.2427422889394	0.78247619047619	0.167369047619048	0.141303489900446	0.116652635000966
m4	50	Egg	2	2	0.1	1.97790484225409	0.403110159291138	136.755694665397	0.728367346938775	0.220952380952381	0.166457385955126	0.157519301630157
m5	50	Egg	2	2	0.1	2.46880342933643	0.334442135230851	120.245858578219	0.584353741496599	0.116583333333333	0.128793282906897	0.0567567362437153
m6	50	Egg	2	2	0.1	1.96460290741666	0.428778129649071	141.125602219788	0.752052545155993	0.176047619047619	0.144197186213449	0.108745165729656
m7	50	Egg	2	2	0.1	1.66754803298	0.215543891537784	116.024159708926	0.81843537414966	0.249166666666667	0.14961092527222	0.178344591609797
m1	51	Egg	2	2	0.1	1.07890919670813	0.373020349424919	154.221062536517	0.920238095238095	0.485043650793651	0.241152085391262	0.427308236414806
m2	51	Egg	2	2	0.1	1.35026812797879	0.343460519558043	131.828481248816	0.886441798941799	0.403166666666667	0.20390628673349	0.332305783517285
m3	51	Egg	2	2	0.1	1.75444353763375	0.334139297613561	96.5631460773365	0.756605222734255	0.264285714285714	0.153038373352446	0.203951401385651
m4	51	Egg	2	2	0.1	1.32475139841555	0.331505323936216	156.718038077426	0.87950937950938	0.427365079365079	0.208045025395291	0.363121822748815
m5	51	Egg	2	2	0.1	1.90689891060681	0.249670452456678	97.4890468045625	0.75843837535014	0.181964285714286	0.13140018922668	0.113258483823962
m6	51	Egg	2	2	0.1	1.45363445548318	0.345091322619631	124.331766223138	0.866666666666667	0.321111111111111	0.178640438805697	0.255242930610034
m7	51	Egg	2	2	0.1	1.50115694554957	0.209734415321453	126.284151337538	0.892108843537415	0.261694444444444	0.168803258051396	0.191964804835713
m1	52	Egg	2	2	0.1	1.20705081097335	0.386222948970893	133.638170058644	0.896059113300493	0.374599206349206	0.20681460829479	0.309635178686766
m2	52	Egg	2	2	0.1	1.22286142650163	0.337107244834357	121.364262548495	0.91108843537415	0.391047619047619	0.214897347409704	0.31827858443647
m3	52	Egg	2	2	0.1	1.67912403330842	0.282713721467447	109.999795130825	0.823963133640553	0.215063492063492	0.154482033378177	0.159294985273248
m4	52	Egg	2	2	0.1	1.38588300889082	0.283722253796053	145.416272091283	0.879636591478697	0.363503968253968	0.195081955764086	0.295932865842123
m5	52	Egg	2	2	0.1	2.00420116895734	0.342755156206157	89.834416159453	0.657397959183673	0.188154761904762	0.150923121205452	0.128625117362398
m6	52	Egg	2	2	0.1	1.52095465219566	0.396750294232329	113.955936302499	0.787063492063492	0.332063492063492	0.177308397396948	0.258772213583262
m7	52	Egg	2	2	0.1	1.58366936852758	0.207351774070512	101.682028769434	0.79615975422427	0.344797619047619	0.198049932077991	0.276778754740161
m1	53	Egg	2	2	1e-04	0.286248169577059	0.133097183503395	136.46728681839	0.978055555555556	0.56522619047619	0.247728595238663	0.509968056355572
m2	53	Egg	2	2	0	0.235701125979033	0.128194794081966	126.531121608355	0.9857910906298	0.612130952380952	0.185406221200794	0.549978738657536
m3	53	Egg	2	2	0	0.769202808691096	0.194232740613628	92.5313235845887	0.925757575757576	0.394115079365079	0.19501770011716	0.333477205317928
m4	53	Egg	2	2	1e-04	0.509606886914051	0.36014885505748	141.482711239582	0.983766233766234	0.47327380952381	0.210332732095485	0.402633082428114
m5	53	Egg	2	2	0.1	1.723754612372	0.223340860583678	115.501123594761	0.859711779448622	0.195388888888889	0.1434066398614	0.124359048669531
m6	53	Egg	2	2	1e-04	0.889259488304265	0.199017777834932	100.772415646763	0.946052631578947	0.313075396825397	0.159333782665399	0.235688615694671
m7	53	Egg	2	2	0	0.709097366316488	0.16019221665665	86.8702553583263	0.956190476190476	0.339964285714286	0.16848610539825	0.264751067797549
m1	54	Egg	2	2	0.1	0.784158157835035	0.250360349497202	130.009790215788	0.951659451659452	0.566888888888889	0.223788467108212	0.509437403745109
m2	54	Egg	2	2	0.1	1.03935767393949	0.200334368128083	121.364262512915	0.933640552995392	0.451464285714286	0.204823338813087	0.38268589732745
m3	54	Egg	2	2	0.1	1.70935995812215	0.300872681127287	94.4701534983927	0.810068027210884	0.271698412698413	0.176204160700509	0.209689010172501
m4	54	Egg	2	2	0.1	1.10785729511247	0.344846849052202	119.638170083696	0.92020592020592	0.491916666666667	0.213992925341577	0.430126922692543
m5	54	Egg	2	2	0.1	1.50734282695813	0.177009942534208	101.830842979447	0.848174603174603	0.262797619047619	0.173881195811944	0.19542921666602
m6	54	Egg	2	2	0.1	0.962167900288775	0.275120385332511	108.549201750463	0.875862068965517	0.486797619047619	0.213721122551565	0.415170838819731
m7	54	Egg	2	2	0.1	1.27405990696105	0.230217220144299	100.094379263777	0.895136054421769	0.377130952380952	0.197683529918654	0.305498252273955
m1	55	Egg	2	2	0.1	1.85145476353828	0.294052473698605	172.075607482273	0.755090311986864	0.290380952380952	0.147053923009471	0.222632751157216
m2	55	Egg	2	2	0.1	1.47988005021034	0.384688035272002	145.545177495854	0.86155462184874	0.34643253968254	0.198130105754859	0.281158605708087
m3	55	Egg	2	2	0.1	2.11233143166618	0.320655513843607	97.2427423388467	0.733928571428571	0.17327380952381	0.144344943668097	0.112675468546149
m4	55	Egg	2	2	0.1	2.09830052634258	0.451634922579263	133.076733554174	0.711083743842365	0.242527777777778	0.159398415493763	0.179808109393003
m5	55	Egg	2	2	0.1	2.47944459538019	0.372085645775612	101.911872691389	0.59671592775041	0.108964285714286	0.120356020041683	0.046932948558249
m6	55	Egg	2	2	0.1	1.81597234513487	0.313442176009812	161.437626183752	0.781469979296066	0.181166666666667	0.145716374357451	0.120182239585591
m7	55	Egg	2	2	0.1	1.73844744160801	0.446504663553711	139.689725374575	0.833621933621934	0.239269841269841	0.174020838990891	0.169659000093039
m1	56	Egg	2	2	0.1	1.61806057739757	0.333883276430434	147.841261509575	0.828081232492997	0.304	0.171476374207323	0.226991782744456
m2	56	Egg	2	2	0.1	1.62223920797223	0.318446016940801	135.364262536276	0.836868686868687	0.331452380952381	0.158214999160531	0.255461887979773
m3	56	Egg	2	2	0.1	1.86104065337743	0.332309534490666	106.547610039383	0.807777777777778	0.191666666666667	0.16067014340431	0.137965658213113
m4	56	Egg	2	2	0.1	1.76335657840022	0.345389210748996	136.410758800657	0.752901785714286	0.284896825396825	0.186566029760122	0.214547507150981
m5	56	Egg	2	2	0.1	2.02690567084314	0.283970818283089	101.108720724019	0.684391534391534	0.179404761904762	0.160948113439616	0.119376749556448
m6	56	Egg	2	2	0.1	1.77961165554378	0.40717464840978	127.955936294504	0.785403726708075	0.2545	0.172961303400344	0.190076476687182
m7	56	Egg	2	2	0.1	1.75753884105468	0.286646287576918	127.367024278277	0.768170426065163	0.237440476190476	0.159934050601172	0.165760126584467
m1	57	Egg	2	2	0.1	1.53255783568698	0.355862095407596	135.558777658759	0.827821869488536	0.278738095238095	0.163560610953997	0.207401086627083
m2	57	Egg	2	2	0.1	1.60231951623841	0.403140945179302	135.364262519578	0.83108843537415	0.303615079365079	0.178707392122233	0.233799974500711
m3	57	Egg	2	2	0.1	1.94845991954707	0.297078132952287	109.516649800992	0.746749084249084	0.20756746031746	0.132319091480957	0.154799582883188
m4	57	Egg	2	2	0.1	1.60279613363863	0.339331700804154	135.663807069569	0.812218045112782	0.307333333333333	0.16264127388591	0.239187994417738
m5	57	Egg	2	2	0.1	1.72384268488441	0.293401336616995	97.426797641538	0.777777777777778	0.221396825396825	0.138462085923967	0.152351922312268
m6	57	Egg	2	2	0.1	1.72641930237405	0.314584517330314	115.848005752938	0.795326278659612	0.247019841269841	0.153678953108195	0.178535137677784
m7	57	Egg	2	2	0.1	1.71194022207848	0.277841340957002	105.501113758655	0.798639455782313	0.244503968253968	0.165526175400342	0.177066916259647
m1	58	Egg	2	2	0.1	1.08136810185424	0.409393400359499	143.819085031873	0.920079365079365	0.420797619047619	0.20096129799909	0.355320080662876
m2	58	Egg	2	2	0.1	1.25683471324428	0.364656414538762	131.814400456989	0.913835263835264	0.402797619047619	0.199488524544987	0.337169875372292
m3	58	Egg	2	2	0.1	1.56010770704976	0.285927044812159	106.744061099941	0.801803751803752	0.276369047619048	0.165864398443084	0.218921759222132
m4	58	Egg	2	2	0.1	1.36193293917087	0.351832426173861	132.901665321676	0.853968253968254	0.36831746031746	0.204592993359592	0.299302022050723
m5	58	Egg	2	2	0.1	1.89583203759972	0.271398484408055	98.7723837175111	0.722687074829932	0.254539682539683	0.162165862739291	0.199054828713327
m6	58	Egg	2	2	0.1	1.37017143399998	0.312230402887638	123.625032734819	0.844170771756979	0.361825396825397	0.191429218544626	0.297585588507846
m7	58	Egg	2	2	0.1	1.3608997498335	0.223814436006276	101.002432574609	0.870340136054422	0.380134920634921	0.194168924077373	0.307620924006249
m1	59	Egg	2	2	0.1	1.58057399465134	0.359405245857155	159.768401849255	0.865104166666667	0.284690476190476	0.171269919839179	0.215152258050497
m2	59	Egg	2	2	0.1	1.44659909467614	0.351175860871833	145.838166617698	0.891921768707483	0.334055555555556	0.180359735734479	0.258519922620847
m3	59	Egg	2	2	0.1	1.91033696748352	0.334820202476146	109.516649801016	0.751587301587302	0.193734126984127	0.139249643657772	0.132334396707414
m4	59	Egg	2	2	0.1	1.81174565520947	0.340316223948643	145.545177487896	0.789880952380952	0.251829365079365	0.178725014519379	0.187888182111329
m5	59	Egg	2	2	0.1	2.11900226721989	0.221084064026968	118.074521240628	0.703217503217503	0.140718253968254	0.124994864069115	0.0758731768856266
m6	59	Egg	2	2	0.1	1.7555179399565	0.305712725456692	148.421414524313	0.808699633699634	0.175246031746032	0.142255010534146	0.109338851520576
m7	59	Egg	2	2	0.1	1.69249990399486	0.230838437463736	140.244362485702	0.792784992784993	0.242813492063492	0.155307975558209	0.167363387599717
m1	60	Egg	2	2	0.1	1.30897081520449	0.35669488144082	166.350275327143	0.867485119047619	0.453202380952381	0.185894472888532	0.382717239787923
m2	60	Egg	2	2	0.1	1.60519551089498	0.358459838706007	160.46355078804	0.834803921568627	0.33393253968254	0.18111749566343	0.261216890693466
m3	60	Egg	2	2	0.1	1.92246430947657	0.255917337387264	97.6020941103475	0.767676767676768	0.176527777777778	0.141625554191185	0.115576438934503
m4	60	Egg	2	2	0.1	1.62696173776933	0.396001377932288	133.638170059923	0.7753663003663	0.349789682539683	0.198887202812867	0.29121993112115
m5	60	Egg	2	2	0.1	1.88253440952549	0.351290914701863	100.015330984837	0.697308488612836	0.224047619047619	0.16380654199888	0.167582942921244
m6	60	Egg	2	2	0.1	1.34034800183579	0.418289656008136	123.27936580512	0.85351966873706	0.360698412698413	0.196686081395659	0.301593329063418
m7	60	Egg	2	2	0.1	1.66864557368995	0.263161164034175	126.797671847087	0.823055555555556	0.260051587301587	0.168184318950449	0.193066020013464
m1	61	Egg	2	2	0.1	1.00878508340318	0.31960150345391	117.73215766602	0.917485119047619	0.455880952380952	0.192710843921276	0.392132749279775
m2	61	Egg	2	2	0.1	1.18873612153719	0.332631109384015	117.545177476735	0.902232142857143	0.458380952380952	0.191284504236988	0.392166727225425
m3	61	Egg	2	2	0.1	1.63422000856569	0.25821777439138	113.872962205274	0.870121951219512	0.274218253968254	0.161357568188669	0.208962384487194
m4	61	Egg	2	2	1e-04	1.06699596268962	0.884946070403238	117.839151467332	0.945658263305322	0.513154761904762	0.20815720411639	0.444299322888167
m5	61	Egg	2	2	0.1	1.33033217293404	0.214683380774769	90.1522888592847	0.898214285714286	0.32043253968254	0.173343992677697	0.253810319862727
m6	61	Egg	2	2	0.1	1.10137468519711	0.245864907490742	97.3269898027423	0.921205357142857	0.417595238095238	0.177075470316656	0.350076173421493
m7	61	Egg	2	2	0.1	1.5231737966136	0.219808615121441	89.0180378968601	0.902248677248677	0.278071428571429	0.175334454916675	0.212719015211264
m1	62	Egg	2	2	0.1	0.988930491260891	0.215006903133384	143.819085046147	0.928113553113553	0.458436507936508	0.205608907649413	0.390614712301653
m2	62	Egg	2	2	1e-04	0.841784132158183	0.493568003036463	117.805383568317	0.966473616473617	0.493035714285714	0.224089338185361	0.426409665624437
m3	62	Egg	2	2	1e-04	1.30635678802006	0.600703210140817	92.5476110381482	0.876406926406926	0.299345238095238	0.169214817406117	0.232613884374971
m4	62	Egg	2	2	0.1	1.07663479424787	0.269017609741905	129.81908503772	0.92015306122449	0.395825396825397	0.211169197490118	0.331067994516471
m5	62	Egg	2	2	0.1	2.07320848608673	0.394958170161781	94.2737025704028	0.685878489326765	0.20202380952381	0.163884346690652	0.136362827778365
m6	62	Egg	2	2	0.1	1.63325279265358	0.289898724012198	115.002432608638	0.823152709359606	0.247535714285714	0.166037710290349	0.172428278436211
m7	62	Egg	2	2	0.1	1.51380245310554	0.24785084020901	113.80259781605	0.871130952380952	0.272940476190476	0.162074690042682	0.193609137457701
m1	63	Egg	2	2	0.1	1.768487850236	0.450880339888964	161.850606455704	0.794827586206897	0.275071428571429	0.192596188334943	0.209589357328996
m2	63	Egg	2	2	0.1	1.55869001144541	0.281819464361494	135.364262529508	0.849507389162562	0.264952380952381	0.176678383372062	0.190239202836763
m3	63	Egg	2	2	0.1	1.86917038660244	0.350629798429766	106.54761016398	0.77312925170068	0.225670634920635	0.152979198727182	0.155243196526102
m4	63	Egg	2	2	0.1	1.99696138720943	0.431789975290148	150.41075881147	0.73343685300207	0.21927380952381	0.153089316644125	0.15364920092255
m5	63	Egg	2	2	0.1	2.42271064924933	0.321046224882611	103.637965114323	0.600892857142857	0.13043253968254	0.127769246643228	0.0655111678062831
m6	63	Egg	2	2	0.1	2.0212175849762	0.332470175560685	149.261060355372	0.728205128205128	0.175488095238095	0.151419591635847	0.11146770829097
m7	63	Egg	2	2	0.1	1.79426505614566	0.242286600582668	127.367024278277	0.772427035330261	0.224480158730159	0.164145611517302	0.160122038944093
m1	64	Egg	2	2	0.1	0.878030685433368	0.282140619745952	107.36426250787	0.916666666666667	0.502523809523809	0.195772424302603	0.436719000058136
m2	64	Egg	2	2	0.1	0.988362210509767	0.222766550973659	107.364262519629	0.912202380952381	0.462103174603175	0.205991695977161	0.399031236745296
m3	64	Egg	2	2	1e-04	1.36781813596741	0.432980707289927	111.057693064127	0.885639880952381	0.311119047619048	0.159308739690705	0.237495774692506
m4	64	Egg	2	2	1e-04	0.825912035593821	0.528864819515944	107.364262530878	0.947829131652661	0.504242063492063	0.190733091070247	0.441706923444167
m5	64	Egg	2	2	1e-04	1.2939392384419	0.656799496003107	110.8898679055	0.904551820728291	0.3695	0.180854633924514	0.295709860631186
m6	64	Egg	2	2	0.1	1.24527742046655	0.216561790819637	89.9134642425226	0.852777777777778	0.342559523809524	0.200801448482302	0.274523071461277
m7	64	Egg	2	2	0.1	1.61329241133817	0.19826661549653	101.072055010511	0.822991071428571	0.249011904761905	0.14648658843917	0.175989350879586
m1	65	Egg	2	2	0.1	1.12725443565681	0.414855454215065	133.816891420634	0.897701149425287	0.418027777777778	0.206661575946276	0.349084162324858
m2	65	Egg	2	2	0.1	1.15183409336872	0.25643888819244	121.364262513111	0.922759103641457	0.409813492063492	0.187802815299139	0.339113041550333
m3	65	Egg	2	2	0.1	1.59363507357473	0.29472807967031	104.821517615686	0.829834054834055	0.27247619047619	0.140091196782737	0.207697070166941
m4	65	Egg	2	2	0.1	1.41160675105577	0.342543250084704	123.457255121641	0.834554334554335	0.386154761904762	0.181066159942501	0.312997935714546
m5	65	Egg	2	2	0.1	1.90435996741985	0.288945476098022	99.3357349408648	0.696525096525097	0.25209126984127	0.177995417659738	0.185826742942881
m6	65	Egg	2	2	0.1	1.36715368319801	0.312094157249894	123.457255122341	0.840322580645161	0.358833333333333	0.196736729725789	0.296449778151779
m7	65	Egg	2	2	0.1	1.38468581760731	0.193725138822892	123.969700840117	0.865567765567766	0.361047619047619	0.186354445452434	0.291066437144788
m1	66	Egg	2	2	0.1	1.14185118033812	0.308650442506222	129.819085045991	0.931428571428571	0.443055555555556	0.168153696854233	0.374196840407069
m2	66	Egg	2	2	1e-04	0.732456617126891	0.547202309546498	117.779503230755	0.979523809523809	0.516845238095238	0.202584311644879	0.448947634073761
m3	66	Egg	2	2	0.1	1.57395270601927	0.255501146303014	106.561787397041	0.863865546218487	0.23825	0.162780718192057	0.189677157532144
m4	66	Egg	2	2	0.1	1.26233924808503	0.319332763496956	119.941198908519	0.902092352092352	0.411369047619048	0.207628911135297	0.346689747735945
m5	66	Egg	2	2	0.1	1.89947272432259	0.326377540202749	88.7752183200244	0.737152777777778	0.201765873015873	0.152930142254396	0.14641964768008
m6	66	Egg	2	2	0.1	1.26171496665942	0.291633806080988	111.18334757687	0.8811986863711	0.370007936507937	0.182870255599966	0.296071529510434
m7	66	Egg	2	2	0.1	1.44293223292545	0.225589079103411	123.022529097049	0.871354166666667	0.343071428571429	0.201054090518979	0.272759619099385
m1	67	Egg	2	2	1e-04	0.642838294725805	0.56888755495973	129.819085041493	0.962280701754386	0.485583333333333	0.190787376200268	0.415347966685574
m2	67	Egg	2	2	0	0.240253065748918	0.144971814934792	127.096623932234	0.982568027210884	0.589781746031746	0.200350973304608	0.527224186947432
m3	67	Egg	2	2	0	0.784523937671881	0.196730359510126	110.088998194282	0.937250384024577	0.372928571428571	0.177130358124211	0.30327771519549
m4	67	Egg	2	2	0.1	1.02312272294375	0.236092574546682	129.819085035167	0.954936120789779	0.478884920634921	0.214223971762554	0.418009341498427
m5	67	Egg	2	2	0.1	1.83054822973093	0.340261695992137	115.8572519678	0.780952380952381	0.234519841269841	0.143990850632962	0.15646239393826
m6	67	Egg	2	2	0.1	1.44494106454541	0.2635387408642	119.711701213083	0.896969696969697	0.21477380952381	0.155017927037098	0.148556795392026
m7	67	Egg	2	2	0	0.924161681704615	0.191089096204812	78.4379816887918	0.939477726574501	0.279238095238095	0.1707853895447	0.203804048283156
m1	68	Egg	2	2	0.1	1.52245536806158	0.376765539480304	194.272592894899	0.864732142857143	0.291797619047619	0.184590237310002	0.215275004213387
m2	68	Egg	2	2	0.1	1.40384553997334	0.242292607092098	145.82896478073	0.915796703296703	0.302940476190476	0.165577094788256	0.230091472756065
m3	68	Egg	2	2	0.1	1.80481854355098	0.290138103840118	106.54761016398	0.802236652236652	0.214761904761905	0.131138417855946	0.157138945449599
m4	68	Egg	2	2	0.1	1.84314228745751	0.315951242278682	146.591673772143	0.794880952380952	0.242293650793651	0.160044345033767	0.170693118203233
m5	68	Egg	2	2	0.1	2.31198646774422	0.243737941635706	120.195889631633	0.636132561132561	0.125738095238095	0.129152192063521	0.0675361048074895
m6	68	Egg	2	2	0.1	1.96542015405041	0.354432749234522	129.184807287774	0.760648148148148	0.201996031746032	0.158374254827063	0.135934063357647
m7	68	Egg	2	2	0.1	1.68656741630509	0.247360032498363	126.906620686993	0.823992673992674	0.229853174603175	0.176098864167005	0.165524201116002
m1	69	Egg	2	2	0.1	0.971821779219177	0.328275876318734	131.729143387796	0.956547619047619	0.398011904761905	0.195001488438268	0.32839307964993
m2	69	Egg	2	2	0.1	1.15207825696371	0.313550609794307	131.545177473938	0.918144499178982	0.408404761904762	0.203932147506471	0.337167848774934
m3	69	Egg	2	2	0.1	1.49127897095053	0.23285253031569	124.711253249516	0.844325396825397	0.258583333333333	0.161798561691326	0.191070954862536
m4	69	Egg	2	2	1e-04	0.992270057225326	0.743138787392046	131.806092566958	0.977714285714286	0.424388888888889	0.188719051196017	0.355443125366421
m5	69	Egg	2	2	0.1	1.42458757664592	0.26403181766785	90.1522888592847	0.873710317460317	0.320313492063492	0.145026821512472	0.253082868113867
m6	69	Egg	2	2	0.1	1.35767128633623	0.309424901825909	100.096911559674	0.85959595959596	0.349392857142857	0.18090621286114	0.276202360554065
m7	69	Egg	2	2	0.1	1.65005722378912	0.278619726700333	114.447634704046	0.817738095238095	0.2435	0.173666004331713	0.174711954237103
m1	70	Egg	2	2	0.1	0.949399974484002	0.283749537815996	129.819085031115	0.95484126984127	0.441940476190476	0.210021494972294	0.377490921971027
m2	70	Egg	2	2	1e-04	0.718319233484146	0.382237882117461	117.767636037946	0.978110599078341	0.478694444444444	0.207476115711225	0.412013643552798
m3	70	Egg	2	2	0.1	1.52447066231296	0.235845382694221	101.002432563537	0.877750410509031	0.296452380952381	0.157105591584663	0.234372474812361
m4	70	Egg	2	2	0.1	1.2398187245964	0.324778987716161	119.63817008092	0.905142857142857	0.387480158730159	0.19372921448608	0.324990780483327
m5	70	Egg	2	2	0.1	1.89019064359414	0.303648760752743	98.9557275141728	0.736075036075036	0.246563492063492	0.163290746500946	0.186503240561362
m6	70	Egg	2	2	0.1	1.12681383453156	0.284194658540217	121.528227185014	0.930699855699856	0.413	0.184964034444225	0.347258560625582
m7	70	Egg	2	2	1e-04	0.88910458604104	0.476001518148642	99.1820530761843	0.952761904761905	0.357309523809524	0.175714033156264	0.287005009079317
m1	71	Egg	2	2	0.1	0.999223585686174	0.323765731839075	129.994918878567	0.938095238095238	0.466011904761905	0.191375819750357	0.399107959224586
m2	71	Egg	2	2	0.1	0.987133700273501	0.267371314140596	117.781789713142	0.949338624338624	0.461404761904762	0.232020026457503	0.404507873719583
m3	71	Egg	2	2	0.1	1.44092353187864	0.30789106100348	103.306609175802	0.877040816326531	0.325857142857143	0.194466756678446	0.276038686933819
m4	71	Egg	2	2	0.1	1.17970847684384	0.364311849831463	118.893169648506	0.890136054421769	0.417035714285714	0.213655391091299	0.359290775972708
m5	71	Egg	2	2	0.1	1.93915866280378	0.363621261433881	98.7723837360647	0.719117647058824	0.268579365079365	0.16582768458916	0.203503527659715
m6	71	Egg	2	2	0.1	1.22296210770497	0.232254128513704	121.528227185014	0.919322344322344	0.37675	0.170768803394757	0.306641463096212
m7	71	Egg	2	2	1e-04	1.00488563056802	0.583066481069147	99.1820530761843	0.947936507936508	0.350321428571429	0.197776458617013	0.2797402088522
m1	72	Egg	2	2	0.1	1.42852292746025	0.276803397761797	135.591868837169	0.874867724867725	0.320825396825397	0.163045745466932	0.250635393173928
m2	72	Egg	2	2	0.1	1.59211280037615	0.289366163700968	135.682031846628	0.81657848324515	0.298059523809524	0.186927596926776	0.232026942261091
m3	72	Egg	2	2	0.1	2.04859579474349	0.364198932487693	97.6021195943008	0.748859126984127	0.1855	0.142544991255988	0.127693414476874
m4	72	Egg	2	2	0.1	1.57254814990843	0.344346424703484	135.719686576507	0.823809523809524	0.312952380952381	0.184121874462614	0.247373322626004
m5	72	Egg	2	2	0.1	1.83753943532883	0.264616428202102	97.1847341827734	0.744353741496599	0.227035714285714	0.152701841569594	0.161691879508455
m6	72	Egg	2	2	0.1	1.50965771858288	0.351891152954979	114.803703031455	0.837142857142857	0.295595238095238	0.161487992074717	0.23165536394805
m7	72	Egg	2	2	0.1	1.79333462547255	0.363174810679997	126.797671847087	0.779310344827586	0.218642857142857	0.165239803489459	0.157925659980874
m1	73	Egg	2	2	0.1	1.04418295229493	0.306417063430157	129.996646652761	0.939781746031746	0.442761904761905	0.177468751977612	0.374764990366047
m2	73	Egg	2	2	0.1	1.13047431747354	0.340335501594215	117.545177478685	0.927295918367347	0.399535714285714	0.191375335026132	0.323315911583287
m3	73	Egg	2	2	0.1	1.49735674182562	0.357419676626941	123.775687920739	0.89455266955267	0.295630952380952	0.181356196640784	0.234837395334533
m4	73	Egg	2	2	0.1	1.14619655223364	0.274602552787175	130.101828522602	0.919957983193277	0.462154761904762	0.206107590743728	0.39833019073113
m5	73	Egg	2	2	0.1	1.75776538197257	0.371164913946775	93.5941063603695	0.76890756302521	0.307809523809524	0.176394240817266	0.244628985011678
m6	73	Egg	2	2	0.1	1.29681747164959	0.266406245189907	111.183347574895	0.882698412698413	0.33181746031746	0.177423477625766	0.26587624200698
m7	73	Egg	2	2	0.1	1.65831842340514	0.251379631516468	90.4546174578721	0.827777777777778	0.243734126984127	0.143215587390655	0.164482678505487
m1	74	Egg	2	2	0.1	1.30746869633519	0.248019323297079	143.977827713293	0.879967159277504	0.418337301587302	0.186483136853769	0.36053657394807
m2	74	Egg	2	2	1e-04	0.93300167422413	0.872508828812188	117.76273044816	0.948494397759104	0.533571428571429	0.229358401017231	0.468629358061321
m3	74	Egg	2	2	0.1	1.69957789968572	0.259776390868731	115.048873538612	0.800520833333333	0.249690476190476	0.170059233916836	0.191991456398744
m4	74	Egg	2	2	0.1	1.58066698993456	0.348274531056128	132.591673781585	0.790564373897707	0.347678571428571	0.164416836976656	0.277048806274999
m5	74	Egg	2	2	0.1	2.14827148216789	0.32816781451654	117.914602014155	0.711674347158218	0.189928571428571	0.159201538529406	0.129157331150931
m6	74	Egg	2	2	0.1	1.36290831724114	0.318770889194368	132.79051542678	0.888672438672439	0.380162698412698	0.183865284330509	0.313596162823391
m7	74	Egg	2	2	1e-04	0.836885336405285	0.678767143605185	107.364262518083	0.947089947089947	0.461928571428571	0.204050562839129	0.398828652931786
m1	75	Egg	2	2	0	0.218677477175601	0.111392763240691	122.572772129482	0.97642089093702	0.585380952380952	0.231096826838429	0.524926513778323
m2	75	Egg	2	2	0	0.235312738786361	0.118894565951428	128.07679441961	0.986274509803922	0.593321428571429	0.226504673741379	0.53614677126899
m3	75	Egg	2	2	0	0.97267193243702	0.155777923571284	80.5801370594599	0.922043010752688	0.236412698412698	0.151486315769987	0.169983826606787
m4	75	Egg	2	2	0	0.242518374786441	0.102585820370748	128.531616094594	0.975883256528418	0.591650793650794	0.215963773256996	0.533983683475319
m5	75	Egg	2	2	0	0.660282325655288	0.165184149270235	86.9086452195482	0.935827664399093	0.389869047619048	0.199621748796549	0.311907695783271
m6	75	Egg	2	2	0	0.428621721642425	0.177644669714445	114.281791481882	0.969957983193277	0.483444444444444	0.209270798087937	0.416169572419618
m7	75	Egg	2	2	0	0.679131121206236	0.164976090007398	86.9363010769517	0.946502976190476	0.386142857142857	0.163198692361719	0.307787952836925
m1	76	Egg	2	2	0.1	0.884276677444299	0.230788772532505	107.539663513489	0.943223443223443	0.500519841269841	0.197109296684544	0.430484248813088
m2	76	Egg	2	2	1e-04	0.790525953884501	0.559628396214051	107.364262516738	0.944047619047619	0.499638888888889	0.200524484767124	0.433689937086908
m3	76	Egg	2	2	0	1.06837450344792	0.268417733412441	84.0281172679122	0.862797619047619	0.269777777777778	0.1699315525619	0.206843910716876
m4	76	Egg	2	2	1e-04	0.688708103647867	0.450233246290752	107.642127076836	0.969254658385093	0.477253968253968	0.200272118413131	0.414135339164498
m5	76	Egg	2	2	0.1	1.50886756695286	0.209429940707568	100.410536351027	0.889333333333333	0.257801587301587	0.151260492469943	0.18482759581584
m6	76	Egg	2	2	0.1	1.16049080812505	0.254878609545186	100.094379251317	0.89021164021164	0.378214285714286	0.155728334486786	0.308012645185037
m7	76	Egg	2	2	0.1	1.28703047321007	0.229275897187372	100.368745631486	0.885544217687075	0.367892857142857	0.185140009392124	0.299912385442064
m1	77	Egg	2	2	0.1	1.22414783620643	0.385665920500569	144.019629634435	0.885930735930736	0.397571428571429	0.202975453105345	0.331936730225247
m2	77	Egg	2	2	0.1	1.08814503869213	0.332891389215625	131.805277638853	0.933189033189033	0.439071428571429	0.206406043066013	0.378194656074443
m3	77	Egg	2	2	0.1	1.65637961478501	0.332990639928379	106.744061108392	0.782212885154062	0.27702380952381	0.174169119735406	0.218123146532609
m4	77	Egg	2	2	0.1	1.37067251955849	0.343681369480907	132.591673789103	0.815873015873016	0.412027777777778	0.191908899291495	0.345725963125836
m5	77	Egg	2	2	0.1	2.10902892618415	0.383212145788177	99.3357348789025	0.661255411255411	0.213309523809524	0.172133123759747	0.154600859561833
m6	77	Egg	2	2	0.1	1.28205237136265	0.222757629796125	133.638170062167	0.863690476190476	0.381404761904762	0.18300850924263	0.318225272792816
m7	77	Egg	2	2	0.1	1.34159792248314	0.230972821749312	136.74750731561	0.89391156462585	0.368718253968254	0.178764357459938	0.307012958157427
m1	78	Egg	2	2	0.1	1.2722740333254	0.316083226322012	145.765890109046	0.909117305458769	0.406809523809524	0.18336449264515	0.336380081573841
m2	78	Egg	2	2	0.1	1.26018882819795	0.365156859780616	131.545177474314	0.929953917050691	0.423142857142857	0.197739067154951	0.356669505136198
m3	78	Egg	2	2	0.1	1.75922317669153	0.201461950965498	98.0599267213215	0.854292929292929	0.201928571428571	0.13804129952894	0.144471700770333
m4	78	Egg	2	2	0.1	1.39049727126576	0.292668059125472	131.954377831956	0.89	0.346980158730159	0.207935038424359	0.277453449061298
m5	78	Egg	2	2	0.1	1.90784510046347	0.218607422411877	117.320866143958	0.773214285714286	0.134087301587302	0.130219543693114	0.0757138184658303
m6	78	Egg	2	2	0.1	1.65155385991673	0.429121201768344	144.881237134749	0.787918871252205	0.282892857142857	0.141641417449112	0.212553298582291
m7	78	Egg	2	2	0.1	1.36140834372428	0.360258659359007	136.433954704137	0.895009157509158	0.331845238095238	0.177172116801161	0.262312895698581
m1	79	Egg	2	2	0.1	1.12570006403167	0.475142733835604	133.63817007253	0.878494623655914	0.4665	0.217953487240171	0.398034214629879
m2	79	Egg	2	2	0.1	0.96555888685045	0.267789830076577	107.36426254693	0.924077380952381	0.507865079365079	0.215197729180831	0.444761615654558
m3	79	Egg	2	2	1e-04	1.45455737465545	0.53467823603927	95.9997951783657	0.835515873015873	0.303702380952381	0.175735122537443	0.238106554373202
m4	79	Egg	2	2	0.1	1.41444572314559	0.394243096603302	123.457255098738	0.864021164021164	0.328166666666667	0.179154269289307	0.260573482709399
m5	79	Egg	2	2	0.1	2.09880930178343	0.233844715020403	119.184105084678	0.717816091954023	0.132214285714286	0.130692691477296	0.0742904985425425
m6	79	Egg	2	2	0.1	1.2968186078312	0.352161777305464	123.457255133054	0.851488095238095	0.416761904761905	0.194372110113671	0.348749663856884
m7	79	Egg	2	2	0.1	1.31768304064843	0.460845178639692	97.1833475326862	0.843714285714286	0.450761904761905	0.199128328489075	0.38707739647433
m1	80	Egg	2	2	0.1	1.43348248973915	0.443284842342255	158.042090856602	0.850992063492063	0.37309126984127	0.182176826118852	0.305619973067018
m2	80	Egg	2	2	0.1	1.25067171269935	0.342870909243739	131.82847599776	0.892703533026114	0.414587301587302	0.188409504210145	0.343618246773487
m3	80	Egg	2	2	0.1	1.69005889882353	0.310413079787032	96.5631461850577	0.765527950310559	0.229563492063492	0.164525270153133	0.178039577474733
m4	80	Egg	2	2	0.1	1.83402792368353	0.458787934037239	132.984453378649	0.736269841269841	0.302619047619048	0.161484047217268	0.232811681318604
m5	80	Egg	2	2	0.1	2.40047493932825	0.287931101378796	98.5462020928869	0.574206349206349	0.111083333333333	0.121819309157843	0.0507998612791427
m6	80	Egg	2	2	0.1	1.89528052841156	0.375054480525417	148.286757443796	0.775079365079365	0.175583333333333	0.156289338965715	0.114560526280254
m7	80	Egg	2	2	0.1	1.60786821882458	0.233764976121786	126.284151337538	0.847751322751323	0.261281746031746	0.172368734408407	0.182364178603407
m1	81	Egg	2	2	0.1	0.836813003251231	0.262421653066116	129.819085038924	0.920689033189033	0.568035714285714	0.224190122834147	0.509371512155437
m2	81	Egg	2	2	0.1	0.971466016172764	0.18040037657393	107.36426253015	0.907936507936508	0.470059523809524	0.212241962403023	0.402486495402433
m3	81	Egg	2	2	1e-04	0.85618778652263	0.332036053373751	101.002432610704	0.924561403508772	0.410333333333333	0.183850200125214	0.344946479354248
m4	81	Egg	2	2	0.1	0.888561975682713	0.224804008359305	129.819085038155	0.950612244897959	0.495059523809524	0.236942216252205	0.437653966749583
m5	81	Egg	2	2	0.1	1.67251670613245	0.240570804782175	114.697299932293	0.807366071428571	0.242706349206349	0.173378851534148	0.18005074186262
m6	81	Egg	2	2	0.1	1.15135675518127	0.318791560022897	109.457255103576	0.848774509803922	0.48843253968254	0.202773556625169	0.421840098622294
m7	81	Egg	2	2	0.1	1.46051792830023	0.227941530020398	111.488411538439	0.852863577863578	0.361055555555556	0.177329181857074	0.290393109445874
m1	82	Egg	2	2	0.1	0.959364292589041	0.231994699683453	121.515424079653	0.920890937019969	0.468702380952381	0.217257287108216	0.406809169403383
m2	82	Egg	2	2	0.1	1.0576416691014	0.265888999169163	121.364262514606	0.908064516129032	0.440718253968254	0.199459646796346	0.37240195039781
m3	82	Egg	2	2	0.1	1.81601453531844	0.327859674469315	84.2892385247123	0.82183908045977	0.218607142857143	0.17098002410283	0.16382791396397
m4	82	Egg	2	2	0.1	1.31788335080558	0.317501285579184	132.817274320033	0.915142857142857	0.362277777777778	0.168827740314688	0.28997361737823
m5	82	Egg	2	2	0.1	1.59754219096076	0.22977683746787	82.6374478281492	0.873619047619048	0.237825396825397	0.150475251811987	0.172215910155841
m6	82	Egg	2	2	0.1	0.915603409167324	0.29184489975646	107.559131000088	0.93327380952381	0.524880952380952	0.217987407730869	0.460680960513195
m7	82	Egg	2	2	1e-04	1.07398896289913	0.676624664527212	133.529730558673	0.916176470588235	0.481789682539683	0.22322597564387	0.406443282432502
m1	83	Egg	2	2	0.1	1.56753078610708	0.370189770582903	158.063900862073	0.835876623376623	0.313480158730159	0.164450597427003	0.246619791870544
m2	83	Egg	2	2	0.1	1.44482392368506	0.339982458265959	145.545177495851	0.893741496598639	0.349916666666667	0.187709528895421	0.281651036628153
m3	83	Egg	2	2	0.1	2.13800714450346	0.37518959638445	117.692076864854	0.728260869565217	0.175948412698413	0.145192056622356	0.117333349213107
m4	83	Egg	2	2	0.1	1.85387482939238	0.344656036070529	133.04642183626	0.714221364221364	0.325619047619048	0.183330325493963	0.260440210333614
m5	83	Egg	2	2	0.1	2.12859163659968	0.358713663671222	100.185780158986	0.629761904761905	0.188253968253968	0.167632995369454	0.124638750003012
m6	83	Egg	2	2	0.1	1.76276421250133	0.412565343874783	136.410758816607	0.755665024630542	0.267607142857143	0.179774788981105	0.201310975776922
m7	83	Egg	2	2	0.1	1.65885430271974	0.26608689626849	139.689725374575	0.859523809523809	0.235503968253968	0.17096827934645	0.172684820793607
m1	84	Egg	2	2	0.1	1.30030006422161	0.309902202444983	144.019629634435	0.888383838383838	0.386285714285714	0.199594638335566	0.323900916074152
m2	84	Egg	2	2	0.1	1.22615489234083	0.339140432693484	131.805277638853	0.929201680672269	0.40802380952381	0.191692143061091	0.341849161945746
m3	84	Egg	2	2	0.1	1.53725667150216	0.319733602205934	106.744061108392	0.849768518518519	0.309376984126984	0.186999416013836	0.249934443018833
m4	84	Egg	2	2	0.1	1.45626387751226	0.316438217377369	132.591673789103	0.81390977443609	0.387805555555556	0.188310228107895	0.323941014807786
m5	84	Egg	2	2	0.1	2.02114517323383	0.358690702979719	99.3357348789025	0.677342549923195	0.217742063492063	0.166518056153642	0.152074310561537
m6	84	Egg	2	2	0.1	1.26892610049562	0.294841232581516	133.638170062167	0.870122887864823	0.410051587301587	0.172726359886307	0.340074994560727
m7	84	Egg	2	2	0.1	1.32122614116483	0.214902093193162	136.74750731561	0.901488095238095	0.365940476190476	0.188720708518015	0.306150326663925
m1	85	Egg	2	2	0.1	1.00558039237725	0.326663107982743	119.638170083475	0.885555555555556	0.494293650793651	0.190526870662739	0.431389547346913
m2	85	Egg	2	2	0.1	0.990401500372289	0.240940347796471	107.36426253015	0.929551820728291	0.49334126984127	0.190726718661033	0.427305431044375
m3	85	Egg	2	2	1e-04	1.11297943847707	0.530984813287613	101.002432610704	0.900420168067227	0.411035714285714	0.193802711609127	0.340878777317669
m4	85	Egg	2	2	0.1	1.00514296688907	0.258741327888534	119.638170085577	0.900340136054422	0.499111111111111	0.185050104653929	0.438771778045092
m5	85	Egg	2	2	0.1	1.70058638178937	0.330769332679249	93.5941063535158	0.768622448979592	0.296285714285714	0.168879123935171	0.229577384540226
m6	85	Egg	2	2	0.1	1.0981742136395	0.306180786044074	109.457255128868	0.869991789819376	0.48275	0.20850820634277	0.405758739281799
m7	85	Egg	2	2	0.1	1.36340949300313	0.266713422884283	88.7285250841222	0.857355442176871	0.366039682539683	0.202836817090758	0.300477670404746
m1	86	Egg	2	2	0.1	1.43845184720114	0.370524301646873	147.862768577749	0.846269841269841	0.369769841269841	0.185824956335752	0.303640723251131
m2	86	Egg	2	2	0.1	1.44677352081969	0.37754772905558	135.636155982159	0.870987654320988	0.327619047619048	0.180364177153569	0.258771069466077
m3	86	Egg	2	2	0.1	1.97421752773615	0.26310779200612	97.242742283219	0.758150183150183	0.167416666666667	0.133533491344522	0.108191267204964
m4	86	Egg	2	2	0.1	1.7010877351812	0.288049889945153	148.823593020914	0.768622448979592	0.308333333333333	0.166978767080483	0.23491642913031
m5	86	Egg	2	2	0.1	1.94061292145658	0.370035128340987	89.8344161617527	0.70287456445993	0.219980158730159	0.166631192684855	0.154686334277308
m6	86	Egg	2	2	0.1	1.38653903005248	0.357325037049842	112.909439991801	0.837878787878788	0.387587301587302	0.182291075452311	0.317798515154749
m7	86	Egg	2	2	0.1	1.48505816872989	0.386422723497091	100.635532516503	0.829549319727891	0.348051587301587	0.17005097024166	0.274186327983807
m1	87	Egg	2	2	0.1	1.57113906443995	0.249702145432441	158.039138558089	0.826354679802956	0.33215873015873	0.163385680686363	0.260665954643743
m2	87	Egg	2	2	0.1	1.49434023417944	0.351065360371873	145.838166617698	0.884408602150538	0.331357142857143	0.171867275421994	0.25519413830938
m3	87	Egg	2	2	0.1	1.81249360526527	0.323864832618034	109.516649800992	0.750034013605442	0.188234126984127	0.163138874127821	0.134587813483368
m4	87	Egg	2	2	0.1	1.77343340567062	0.413572435140234	146.969505727052	0.755096726190476	0.283984126984127	0.176136721242084	0.210563383212164
m5	87	Egg	2	2	0.1	2.10736846503419	0.412660808306965	100.185780158986	0.646666666666667	0.168595238095238	0.161169369757981	0.112489545895386
m6	87	Egg	2	2	0.1	1.67462577635699	0.305995274884179	137.45725508836	0.8	0.283785714285714	0.178409480837095	0.216648176880211
m7	87	Egg	2	2	0.1	1.69059081435813	0.274393972563759	140.244362485702	0.825350140056022	0.239642857142857	0.166620397350633	0.172301822549316
m1	88	Egg	2	2	0.1	1.23084733714745	0.402577900046634	144.019629634435	0.887001287001287	0.430472222222222	0.193262839027675	0.363072761849755
m2	88	Egg	2	2	0.1	1.14884694319428	0.291742584424281	131.805277638853	0.938095238095238	0.422099206349206	0.176683423234051	0.353562765250963
m3	88	Egg	2	2	0.1	1.6513232268095	0.420831967731634	106.744061108392	0.771145124716553	0.284257936507937	0.157175275326648	0.216111884032013
m4	88	Egg	2	2	0.1	1.32671295661386	0.34756549145345	132.591673789103	0.84472049689441	0.389269841269841	0.189669951743896	0.329547443957168
m5	88	Egg	2	2	0.1	1.99778881450344	0.328401672498593	99.3357348789025	0.702252252252252	0.240694444444444	0.173019351546596	0.178676644388895
m6	88	Egg	2	2	0.1	1.37495780197376	0.290035052257954	133.638170062167	0.839583333333333	0.386666666666667	0.198774417755722	0.321853523008311
m7	88	Egg	2	2	0.1	1.31735798939683	0.239870877809723	111.183347532068	0.883661740558292	0.36447619047619	0.187830556402341	0.302551604826743
m1	89	Egg	2	2	0.1	0.879076339508751	0.25942941860587	121.533986743635	0.937389770723104	0.483837301587302	0.205555980028756	0.4183323794688
m2	89	Egg	2	2	0.1	1.10130458285457	0.256453910857486	142.402247023489	0.926574500768049	0.416468253968254	0.203761232139494	0.349192988302012
m3	89	Egg	2	2	0.1	1.6447020094913	0.37365611178821	106.744061073503	0.752216748768473	0.255488095238095	0.16782014035628	0.197852606159596
m4	89	Egg	2	2	0.1	1.18983176700741	0.229464682450202	121.63030629328	0.886979166666667	0.401107142857143	0.196066595143328	0.331102562995602
m5	89	Egg	2	2	0.1	1.500255824301	0.218886390206005	82.6435809687404	0.856565656565657	0.263309523809524	0.1561858109294	0.189308092354621
m6	89	Egg	2	2	0.1	1.16291315974413	0.273180036502685	90.0443895360208	0.872959183673469	0.361785714285714	0.184451179673517	0.289269622774192
m7	89	Egg	2	2	0.1	1.40562471728172	0.258048870713181	89.9134643159726	0.858825944170772	0.331519841269841	0.177727901472755	0.263108757835323
m1	90	Egg	2	2	0.1	1.429585904806	0.305010971576392	180.448714440189	0.859803921568627	0.403305555555556	0.1996751487755	0.333519332009141
m2	90	Egg	2	2	0.1	1.46733172057435	0.31607784856341	135.66262289198	0.861972789115646	0.348238095238095	0.199687712855996	0.281957700003199
m3	90	Egg	2	2	0.1	1.82547340526174	0.217084611523955	105.501113842991	0.830544217687075	0.196123015873016	0.139818345539021	0.132685331086825
m4	90	Egg	2	2	0.1	1.49465485051494	0.271291280413168	143.819085046119	0.860407066052227	0.356952380952381	0.18662186198454	0.288870082640018
m5	90	Egg	2	2	0.1	2.11422112228865	0.35569381249006	102.787919734565	0.649692780337942	0.155428571428571	0.143762395560001	0.0949780886387697
m6	90	Egg	2	2	0.1	1.65877266711612	0.391463114757043	125.862943733247	0.771264367816092	0.299964285714286	0.189751089109584	0.240543893365572
m7	90	Egg	2	2	0.1	1.6677588069546	0.307489753231928	104.760331688143	0.80796568627451	0.257289682539683	0.184049709412192	0.190064722103165
m1	91	Egg	2	2	0.1	1.23647917832175	0.360372162200941	133.817846846602	0.866129032258064	0.396369047619048	0.196223301070612	0.325023582870821
m2	91	Egg	2	2	0.1	1.14645912762546	0.233221220471326	121.364262531599	0.930246913580247	0.374952380952381	0.179923287617671	0.304814066804254
m3	91	Egg	2	2	0.1	1.36975403543785	0.211036886321109	115.339205837191	0.885224867724868	0.333988095238095	0.170597950204794	0.265224887075684
m4	91	Egg	2	2	0.1	1.40758825311875	0.323231338156592	133.638170074535	0.810119047619048	0.379845238095238	0.176421177351762	0.31357241202662
m6	91	Egg	2	2	0.1	1.60273689632451	0.429786380261002	113.2763401499	0.781944444444444	0.31327380952381	0.181274268068124	0.244415226930095
m7	91	Egg	2	2	0.1	1.39698071350773	0.215130137166414	101.002432574589	0.836021505376344	0.347428571428571	0.185759814845598	0.272557432254257
m1	92	Egg	2	2	0.1	1.19032607929686	0.257596390061207	143.819085029599	0.901515151515151	0.44272619047619	0.18878176226335	0.372509809327815
m2	92	Egg	2	2	0.1	1.12623752387902	0.316945500074904	117.545177476806	0.92093837535014	0.473845238095238	0.225304551908418	0.411952699143313
m3	92	Egg	2	2	0.1	1.65906218169065	0.302392746115088	92.5476100633293	0.851067323481117	0.244428571428571	0.155513481956251	0.179001236384256
m4	92	Egg	2	2	0.1	1.50781382998951	0.309862684005833	129.8190850479	0.853236607142857	0.344146825396825	0.199383319138369	0.290705541866046
m5	92	Egg	2	2	0.1	2.0765499849556	0.409964843606947	116.960965571168	0.728507078507079	0.160559523809524	0.147189054032174	0.101370113442798
m6	92	Egg	2	2	0.1	1.54843176450968	0.318164535587273	113.436764002697	0.850694444444444	0.288587301587302	0.153700279538214	0.223692340977367
m7	92	Egg	2	2	1e-04	1.28310507740142	1.00099772380182	88.7285250643061	0.908488612836439	0.305444444444444	0.178519562774066	0.235669468128359
m1	93	Egg	2	2	0.1	0.963258804443919	0.241446140182593	144.0191681877	0.934206349206349	0.460190476190476	0.217575050572808	0.399298168856401
m2	93	Egg	2	2	1e-04	0.614323602471292	0.4488822586381	117.805383568317	0.97797619047619	0.499099206349206	0.212257718484743	0.432604278940859
m3	93	Egg	2	2	1e-04	1.35071197597138	0.529726615129505	92.5476110381482	0.890940766550523	0.300464285714286	0.18844295753686	0.234633618717482
m4	93	Egg	2	2	0.1	1.20847548304537	0.253740876732287	130.135306080348	0.9188013136289	0.412369047619048	0.166848479733284	0.342609961484667
m5	93	Egg	2	2	0.1	1.94926724584547	0.298403301310254	94.2737025704028	0.707231040564374	0.176269841269841	0.140192228683426	0.11506306406952
m6	93	Egg	2	2	0.1	1.59214986656862	0.377876365020763	134.055047688488	0.84981684981685	0.23777380952381	0.135803901009163	0.163019424209676
m7	93	Egg	2	2	0.1	1.53581433256126	0.241453253179338	113.80259781605	0.857777777777778	0.240833333333333	0.161121195811729	0.166983656760233
m1	94	Egg	2	2	1e-04	1.00984637092424	0.690415490225243	123.252394106063	0.95982905982906	0.42852380952381	0.204510967975693	0.3617556124907
m2	94	Egg	2	2	0.1	1.26438680934809	0.254799394168098	109.301560231751	0.910634920634921	0.390428571428571	0.178292143311644	0.316684247525422
m3	94	Egg	2	2	0.1	1.79863122013383	0.225216066823852	98.0599267213215	0.835185185185185	0.173345238095238	0.137017896140949	0.121784629848994
m4	94	Egg	2	2	0.1	1.3861748603312	0.226026247086254	123.365377371114	0.921164021164021	0.347825396825397	0.169765857772273	0.275670266863488
m5	94	Egg	2	2	0.1	1.79488806104825	0.248214285928072	96.6435810347929	0.800952380952381	0.157257936507937	0.148902496689832	0.0900640112250148
m6	94	Egg	2	2	0.1	1.40041262587712	0.309240666521608	114.237182792589	0.876120448179272	0.325023809523809	0.179447903529999	0.257433412063487
m7	94	Egg	2	2	0.1	1.4444825220505	0.319101194226878	100.329347563022	0.888271604938272	0.33452380952381	0.191383496256985	0.268911277634131
m1	95	Egg	2	2	0.1	1.20057949007677	0.344766018397665	144.022734546509	0.894603174603175	0.401785714285714	0.166047042728865	0.330366668612057
m2	95	Egg	2	2	0.1	1.11656453180283	0.299874695749149	131.815053085305	0.911394557823129	0.430261904761905	0.207247474590488	0.362659194936446
m3	95	Egg	2	2	0.1	1.54114166381373	0.243582748113992	104.821517650175	0.858333333333333	0.274269841269841	0.158581045881995	0.212708947386998
m4	95	Egg	2	2	0.1	1.27772030712458	0.363089328462746	144.153135798748	0.897126436781609	0.392305555555556	0.199523010844254	0.330248508570752
m5	95	Egg	2	2	0.1	1.82983940350276	0.367420026898967	94.7790455644175	0.708702791461412	0.262742063492063	0.195943647444632	0.200041254831701
m6	95	Egg	2	2	0.1	1.6303191179532	0.49240874716844	123.457255098418	0.798095238095238	0.322079365079365	0.177678987044102	0.249642123780357
m7	95	Egg	2	2	0.1	1.84360438159208	0.254211236406026	127.813068362801	0.770114942528736	0.22675	0.15801756124969	0.159938500152058
m1	96	Egg	2	2	0.1	1.16712708415354	0.389173458111479	121.36426252148	0.903993855606759	0.393166666666667	0.216574518300609	0.326170868356281
m2	96	Egg	2	2	0.1	1.17218458423634	0.35506653556607	145.592681287929	0.901904761904762	0.385452380952381	0.228476748317772	0.317652336388626
m3	96	Egg	2	2	0.1	1.78569376731511	0.340308044156267	84.2892385963577	0.808838383838384	0.248234126984127	0.152794475234296	0.186525418149076
m4	96	Egg	2	2	0.1	1.34908622709547	0.283194688621771	121.671639664976	0.87687969924812	0.386761904761905	0.209037138671922	0.322997016479611
m5	96	Egg	2	2	0.1	1.65695524714283	0.24087532258828	114.405077439844	0.805208333333333	0.263130952380952	0.160449959443929	0.192687253379211
m6	96	Egg	2	2	0.1	1.4731610326106	0.270996349121937	114.281981426927	0.861904761904762	0.296396825396825	0.170208774668645	0.223480086931084
m7	96	Egg	2	2	0.1	1.56224016542954	0.269426382620684	103.91346428008	0.811190476190476	0.253595238095238	0.163703909108192	0.185452084985567
m1	97	Egg	2	2	0.1	1.76529429680726	0.339535366756854	149.364262531266	0.785714285714286	0.259011904761905	0.17204210654136	0.194057212789874
m2	97	Egg	2	2	0.1	1.5589126559502	0.266316407704938	135.639092464125	0.851960784313725	0.322484126984127	0.164371776306808	0.248216744300273
m3	97	Egg	2	2	0.1	1.93936024716576	0.298107597499313	109.516649801016	0.741914682539683	0.17575	0.150810325557129	0.121589034618184
m4	97	Egg	2	2	0.1	1.82084307494244	0.297739284963572	174.129445720334	0.772077922077922	0.259492063492063	0.15746800261312	0.191469385352238
m5	97	Egg	2	2	0.1	2.3193271162168	0.369048958273344	99.9573229654917	0.648044217687075	0.104206349206349	0.115112601835942	0.0442092311949987
m6	97	Egg	2	2	0.1	1.92508949649804	0.331050596228631	135.600667171733	0.761538461538461	0.167642857142857	0.134449710785469	0.104883116988975
m7	97	Egg	2	2	0.1	1.74851458835066	0.260440445095109	127.367024278277	0.77687074829932	0.238654761904762	0.171850302208444	0.164386534965145
m1	98	Egg	2	2	0.1	1.21184866714677	0.366108262898782	121.544188209269	0.881696428571429	0.359079365079365	0.180553923846551	0.287037834056272
m2	98	Egg	2	2	0.1	1.20865685409858	0.400332003514766	121.364262531578	0.87	0.383242063492063	0.208176127001961	0.315890862305856
m3	98	Egg	2	2	0.1	1.56986248634218	0.301897342093475	104.821517641552	0.807142857142857	0.251345238095238	0.176665607992456	0.188610814230798
m4	98	Egg	2	2	0.1	1.16447012144468	0.319400039273482	121.609280729205	0.904493087557604	0.397071428571429	0.177647877905267	0.32778278671667
m5	98	Egg	2	2	0.1	1.50560245777937	0.237241136263042	92.4218930093127	0.843412698412698	0.298845238095238	0.166045812697679	0.233267705149212
m6	98	Egg	2	2	0.1	1.3647290775348	0.357257007964196	101.682028723775	0.855263157894737	0.36681746031746	0.160908046548882	0.292565511661999
m7	98	Egg	2	2	0.1	1.78605610539482	0.31367418452274	114.897065426262	0.772759103641457	0.25197619047619	0.164316577327004	0.177031968218463
m1	99	Egg	2	2	0.1	1.10566620036331	0.394511915273626	130.022090532178	0.892857142857143	0.481543650793651	0.229950060314777	0.418006501531936
m2	99	Egg	2	2	0.1	1.33536240305628	0.343554027048468	121.364262548526	0.852910052910053	0.402825396825397	0.191442298993207	0.330198034946324
m3	99	Egg	2	2	0.1	1.68253273047882	0.322681494344814	96.5631460773365	0.793843537414966	0.259765873015873	0.172965319163231	0.200553096130286
m4	99	Egg	2	2	0.1	1.12608277126773	0.380760602357912	119.638170079513	0.856865079365079	0.483603174603175	0.222967980937736	0.420305292588801
m5	99	Egg	2	2	0.1	1.67692052672804	0.189846818527909	96.5051380246162	0.764492753623188	0.25256746031746	0.144193302603197	0.189440816930786
m6	99	Egg	2	2	0.1	1.26396124627871	0.2313318723473	112.368286770338	0.834472049689441	0.321996031746032	0.204756593296474	0.257241897566519
m7	99	Egg	2	2	0.1	1.56008411997028	0.230396086156819	113.595859144221	0.858201058201058	0.241984126984127	0.165644613536612	0.174348904969732
m1	100	Egg	2	2	0.1	1.38502330485209	0.427286149188598	133.838043610891	0.856978653530378	0.383420634920635	0.191281513158788	0.31627538569473
m2	100	Egg	2	2	0.1	1.28410209008649	0.269056754410124	121.3642625356	0.877295918367347	0.400563492063492	0.185797107759821	0.332747131963131
m3	100	Egg	2	2	0.1	1.66490490629219	0.28871198230299	92.5476100466517	0.81984126984127	0.210634920634921	0.166896300724866	0.148921626477481
m4	100	Egg	2	2	0.1	1.33130261958633	0.332886211763204	133.638170070531	0.887619047619048	0.39672619047619	0.18966181238525	0.331602529613977
m5	100	Egg	2	2	0.1	1.84678145742855	0.412830672676129	94.2737026289532	0.717293233082707	0.271452380952381	0.165042070032315	0.208851534146645
m6	100	Egg	2	2	0.1	1.41808763763507	0.319014358319781	124.336553631141	0.818840579710145	0.34352380952381	0.173308729131925	0.277231611489389
m7	100	Egg	2	2	0.1	1.62850492581977	0.237687958210188	103.408121157813	0.81029601029601	0.245261904761905	0.157724990153239	0.178427892649212
