Model	Iteration	Variable	Subsampled	MinObs	decay	logLoss	logLossSD	AIC	AUC	Accuracy	AccuracySD	Kappa
m1	1	Egg	3	2	0.1	1.45919331156387	0.462453101534795	65.5889115520384	0.742418300653595	0.377	0.20686560426207	0.223120464911904
m2	1	Egg	3	2	0.1	1.60536887870463	0.454683488676912	62.067785941311	0.699102303523035	0.402928571428571	0.190692174023328	0.245241209364781
m3	1	Egg	3	2	0.1	2.00653648396795	0.298919923220545	48.2737161252448	0.397876291989664	0.0830952380952381	0.12617277776185	-0.0588004822558935
m4	1	Egg	3	2	0.1	1.68615054620275	0.392807094381922	52.6355324489489	0.54212962962963	0.218928571428571	0.185665986677052	0.0598168889619954
m5	1	Egg	3	2	0.1	1.44254253831088	0.309606325643167	41.3151298007953	0.69453431372549	0.258	0.180074806752461	0.122212158825362
m6	1	Egg	3	2	0.1	1.13569288856213	0.345636407494094	44.43354404336	0.842716315453384	0.496738095238095	0.225618160284102	0.357943687097008
m7	1	Egg	3	2	0.1	1.2343576362494	0.336090279176108	39.502705460105	0.783270202020202	0.485833333333333	0.267143670598314	0.357151405618952
m1	2	Egg	3	2	0.1	1.4309693539154	0.499922051844546	65.0801152679135	0.728514660493827	0.461285714285714	0.214007253201647	0.322407081393667
m2	2	Egg	3	2	0.1	1.49587280177255	0.467507071184372	66.7481957155845	0.709902426160337	0.373904761904762	0.21132851265208	0.24157213782391
m3	2	Egg	3	2	0.1	1.81032987964875	0.417326992553584	41.8713239433086	0.510976702508961	0.224	0.19628022296178	0.0458233547031333
m4	2	Egg	3	2	0.1	1.65622427660995	0.408623067914826	44.470732989163	0.644244281045752	0.250690476190476	0.186033228118835	0.102227257428822
m5	2	Egg	3	2	0.1	1.47071370397103	0.411700589581252	35.3151926236714	0.671277454780362	0.312	0.19649110465554	0.165383329216214
m6	2	Egg	3	2	0.1	1.20334030580721	0.401092008786535	44.4293242246619	0.7677913647343	0.460595238095238	0.225513499211414	0.313731678581433
m7	2	Egg	3	2	0.1	1.21802112944368	0.326808495935569	44.484070054047	0.795692883895131	0.48197619047619	0.212038414920401	0.340558410140197
m1	3	Egg	3	2	0.1	1.33141342482049	0.521924409162217	47.7149100508744	0.766189759036145	0.394238095238095	0.217615932145054	0.247267988801199
m2	3	Egg	3	2	0.1	1.378709251181	0.446027145071325	41.8122172535299	0.779365684281843	0.3175	0.200411683474732	0.166313951573025
m3	3	Egg	3	2	0.1	1.71407686134753	0.29493333830936	42.3462004373097	0.524726903870162	0.205761904761905	0.182434306744961	0.0214825368970779
m4	3	Egg	3	2	0.1	1.58924300433215	0.432201869998646	45.9559363038701	0.620330056179775	0.272452380952381	0.190908076687979	0.111531019645148
m5	3	Egg	3	2	0.1	1.38523312908483	0.331886295879051	41.3961852085068	0.686380208333333	0.279595238095238	0.171772027476788	0.140036663438105
m6	3	Egg	3	2	0.1	1.18902730602221	0.455489206213309	41.7176523916085	0.818477746212121	0.428428571428571	0.246865602716398	0.284316717436265
m7	3	Egg	3	2	0.1	1.26071476243035	0.296161368105518	36.7301167277991	0.793933588761175	0.387261904761905	0.205019965296287	0.233694849564117
m1	4	Egg	3	2	0.1	1.06146950360326	0.435779255190901	52.3987593896412	0.856848958333333	0.411190476190476	0.224888025001131	0.271294545308789
m2	4	Egg	3	2	0.1	1.10022908275365	0.299526358232089	42.8983140281293	0.857263404392765	0.397166666666667	0.23108652501314	0.26027534553569
m3	4	Egg	3	2	0.1	1.52966940165953	0.316356604622706	38.4549676700873	0.641525355297158	0.275761904761905	0.200416256397979	0.127634970998186
m4	4	Egg	3	2	0.1	1.44292039717131	0.384078064111284	42.2583980589133	0.716773200757576	0.334928571428571	0.205559331560364	0.180556256727385
m5	4	Egg	3	2	0.1	1.40564799523888	0.361618216046485	41.3961852085067	0.687450396825397	0.280857142857143	0.168298518428843	0.137050292344704
m6	4	Egg	3	2	0.1	1.00761799687139	0.394419046090153	42.8576317745982	0.886360941734417	0.439166666666667	0.237059888155695	0.310451878031704
m7	4	Egg	3	2	0.1	1.04276643672419	0.222453550529161	38.3177662451341	0.85874297752809	0.450595238095238	0.208414675249359	0.300417517351185
m1	5	Egg	3	2	0.1	1.0987605743467	0.431784390902224	57.5001298030012	0.853615196078431	0.609190476190476	0.250751868768281	0.49418498807986
m2	5	Egg	3	2	0.1	1.20963975125085	0.331823467399365	43.4484124187312	0.786669859514687	0.4455	0.224843816599601	0.298839400444223
m3	5	Egg	3	2	0.1	1.96977862959529	0.329972757301706	45.4790365351578	0.411188271604938	0.0702738095238095	0.117485110946538	-0.0610416348172045
m4	5	Egg	3	2	0.1	1.36606110743031	0.428658074122091	49.9537466232887	0.760128726287263	0.367619047619048	0.205184302067394	0.218110937415803
m5	5	Egg	3	2	0.1	1.1970337670883	0.340342127059456	38.1427601446873	0.808053188131313	0.404880952380952	0.199122647598744	0.253263657542225
m6	5	Egg	3	2	0.1	0.962972644621077	0.342789197467877	52.9130825483748	0.865604812661499	0.570666666666667	0.26900725880302	0.448387295722675
m7	5	Egg	3	2	0.1	1.02292025147851	0.338759149788231	36.2291828070249	0.842514054232804	0.501190476190476	0.247925149351907	0.355899985063999
m1	6	Egg	3	2	0.1	0.959831640753254	0.457671440131673	60.8446354268064	0.885346441947566	0.636880952380952	0.244560722470766	0.520134447077239
m2	6	Egg	3	2	0.1	1.00526963459402	0.389848867554783	56.7722378312126	0.860113346104725	0.582428571428571	0.233504511622723	0.462602233645921
m3	6	Egg	3	2	0.1	1.56582463057451	0.354860594101103	39.7740461711901	0.653562091503268	0.307357142857143	0.209438549872843	0.160419663774447
m4	6	Egg	3	2	0.1	1.38067548932331	0.403243879553548	56.1330000158383	0.717495265151515	0.318333333333333	0.216541887754526	0.160368795293207
m5	6	Egg	3	2	0.1	1.39842002188414	0.341592295048397	41.3961852085068	0.690222050754458	0.266904761904762	0.181438898126634	0.118130195140701
m6	6	Egg	3	2	0.1	0.893680970379294	0.442843940079943	41.5451774870792	0.887572873799726	0.564976190476191	0.232555145041917	0.429062376392098
m7	6	Egg	3	2	0.1	0.877973924981328	0.304750781864591	35.5451774877927	0.858537808641975	0.554261904761905	0.186502347096253	0.417211548855192
m1	7	Egg	3	2	0.1	1.18187724785517	0.528370971729192	45.8190850478327	0.831267146776406	0.513190476190476	0.250748991402443	0.389506842803514
m2	7	Egg	3	2	0.1	1.20418226252449	0.46284747189293	45.8190850373505	0.81488397696477	0.530380952380952	0.261449847605933	0.386730389102682
m3	7	Egg	3	2	0.1	1.96364104516262	0.325909858907311	48.6962672114791	0.440453384418902	0.115857142857143	0.13726977085509	-0.0322625012030563
m4	7	Egg	3	2	0.1	1.66659128280879	0.433865001150199	43.8629438010719	0.639377986857826	0.268666666666667	0.178852182695012	0.111170712813303
m5	7	Egg	3	2	0.1	1.41560106802099	0.341416908547577	35.3151926236714	0.686855158730159	0.341952380952381	0.218323819335178	0.185160015976775
m6	7	Egg	3	2	0.1	1.12497360308365	0.52743606118676	39.8190850309623	0.855231481481481	0.538095238095238	0.246437778814079	0.402147065758428
m7	7	Egg	3	2	0.1	0.989107796950333	0.387439705473447	39.8190850401597	0.906980363984674	0.570666666666667	0.237198861007593	0.4498375608058
m1	8	Egg	3	2	0.1	0.933516670852562	0.426903778306349	54.4469185515981	0.857736928104575	0.548166666666667	0.244110136409966	0.410636487703911
m2	8	Egg	3	2	0.1	1.06308693179881	0.514632507817304	57.5274957937015	0.882440476190476	0.549285714285714	0.248686625451332	0.427091075735853
m3	8	Egg	3	2	0.1	1.80544556661464	0.287741121434373	44.1824590532661	0.4694843550447	0.0768333333333333	0.120904164773112	-0.0282172673800022
m4	8	Egg	3	2	0.1	0.894097286811625	0.283221721717181	47.2650001334622	0.87363904853129	0.542380952380952	0.209802931837823	0.398807373857696
m5	8	Egg	3	2	1e-04	0.693470305705624	0.279578136278851	41.5325698307246	0.904017857142857	0.49127380952381	0.197374343227956	0.346280771957088
m6	8	Egg	3	2	0.1	0.860266885079709	0.306803214514165	48.9511175569102	0.90594315245478	0.565666666666667	0.203107847754498	0.42205314578393
m7	8	Egg	3	2	0.1	0.906073466437994	0.368291666692878	39.8190850324717	0.912875159642401	0.57447619047619	0.239460749996883	0.455984529536277
m1	9	Egg	3	2	0.1	1.66497585976707	0.455891988871282	66.1552976371714	0.625772471910112	0.326285714285714	0.223549663392776	0.167327244969697
m2	9	Egg	3	2	0.1	1.76238877187463	0.48106806511069	68.3147382125856	0.63332225177305	0.32	0.224908012122617	0.184706626201837
m3	9	Egg	3	2	0.1	2.01442217413259	0.342851698210035	53.683177945608	0.403804347826087	0.0888571428571429	0.127826785614907	-0.0493276375360774
m4	9	Egg	3	2	0.1	1.71424161620661	0.363353246724856	52.7128820590046	0.561534163473819	0.227595238095238	0.230152782676801	0.0651856437533843
m5	9	Egg	3	2	0.1	1.47073264412278	0.304846275508301	47.3151286117317	0.632873159303882	0.26147619047619	0.191287767178046	0.128806234827974
m6	9	Egg	3	2	0.1	1.30233822609694	0.312631017353195	50.3177662272457	0.75837148962149	0.395880952380952	0.23609206757451	0.257104465659232
m7	9	Egg	3	2	0.1	1.39318383412052	0.369397541237882	44.3177662380909	0.733061079545455	0.396857142857143	0.22223146754629	0.254102156441873
m1	10	Egg	3	2	0.1	0.965833359565927	0.347856994873953	66.7908683404874	0.917181069958848	0.525166666666667	0.242488627920925	0.394370031083417
m2	10	Egg	3	2	0.1	1.08653167720495	0.36125479726189	63.2030961368116	0.815424836601307	0.516785714285714	0.226139300810642	0.378716565728625
m3	10	Egg	3	2	0.1	1.67925327722596	0.362907408629334	41.9070850857218	0.559282138242894	0.214869047619048	0.157106823069131	0.0693156496993912
m4	10	Egg	3	2	0.1	1.45422874429695	0.4861100609834	56.04270989749	0.736332070707071	0.363214285714286	0.203619241717723	0.21879860518748
m5	10	Egg	3	2	0.1	1.29480949924532	0.360108868402893	44.1439215102455	0.749565972222222	0.397738095238095	0.249499917848005	0.273378128960215
m6	10	Egg	3	2	0.1	0.934484334320853	0.340701881378796	61.5465733309725	0.889444444444444	0.589690476190476	0.28049343634481	0.47166313363301
m7	10	Egg	3	2	0.1	0.978741447080262	0.249639970311561	44.7725887416517	0.863024966931217	0.5465	0.23794450615981	0.416793178931862
m1	11	Egg	3	2	0.1	1.33585409526438	0.439303813672525	70.3761819115367	0.764569978632479	0.451523809523809	0.223276082835791	0.302680213187631
m2	11	Egg	3	2	0.1	1.59138857315503	0.441285453452317	53.5451774816413	0.674224537037037	0.330785714285714	0.216318786576571	0.188323835875935
m3	11	Egg	3	2	0.1	1.97783826528211	0.330200826064472	45.2428519351903	0.39187908496732	0.0556666666666667	0.105175285255174	-0.0700650577044439
m4	11	Egg	3	2	0.1	1.46862467233865	0.460519920387415	48.2351987265683	0.713311579651941	0.3155	0.206885609560748	0.158903102309587
m5	11	Egg	3	2	0.1	1.16383118234371	0.330471056187112	38.0593971135941	0.806446759259259	0.4305	0.201927510301063	0.259038929189329
m6	11	Egg	3	2	0.1	1.25801229766459	0.334715621708354	58.618898466116	0.787426697530864	0.445095238095238	0.218017271624908	0.309344485150533
m7	11	Egg	3	2	0.1	1.41971430059039	0.347751904180864	44.3177662380909	0.727374031007752	0.349	0.213303070029275	0.216851784943452
m1	12	Egg	3	2	0.1	0.88763592927877	0.271250052810924	67.5585783222478	0.887484035759898	0.602880952380952	0.261101416724645	0.483478799029105
m2	12	Egg	3	2	0.1	0.906169647011994	0.330959011089479	45.8190850363289	0.866728670634921	0.5795	0.287049528480719	0.471818219916581
m3	12	Egg	3	2	0.1	1.67368636693066	0.264542359920292	43.2642700973015	0.583743686868687	0.158857142857143	0.162706007636055	0.0183763710588653
m4	12	Egg	3	2	0.1	1.62246473973958	0.386711803116895	54.1661480377381	0.707185132575758	0.292880952380952	0.234593903038064	0.149674355950877
m5	12	Egg	3	2	0.1	1.63512795644072	0.348621274822402	44.1589966432151	0.615002540650406	0.211761904761905	0.189585405040922	0.0607092327031916
m6	12	Egg	3	2	0.1	0.819526266076852	0.260061600840499	51.8190850335546	0.92036773989899	0.6295	0.279662518549344	0.525972369918903
m7	12	Egg	3	2	0.1	0.827535869637625	0.257284278240558	40.498681182374	0.903253321256039	0.608595238095238	0.24463221901832	0.491182138338098
m1	13	Egg	3	2	0.1	1.04815347665445	0.419476977549858	67.5509290069824	0.835385101010101	0.551761904761905	0.246801296132708	0.400028914387944
m2	13	Egg	3	2	0.1	1.5027547764953	0.447760404522911	51.8190850389018	0.717365056818182	0.419952380952381	0.260963980003643	0.300248077611775
m3	13	Egg	3	2	0.1	1.81337024666908	0.389484877061002	41.5110132259363	0.578929324894515	0.15647619047619	0.16451962769007	0.0265491845746422
m4	13	Egg	3	2	0.1	0.959388399107285	0.256828665577249	47.7082172564113	0.837999375780275	0.529833333333333	0.220553011205842	0.378450722604847
m5	13	Egg	3	2	1e-04	0.532917952659202	0.300362442504272	32.4203748693667	0.925482456140351	0.620642857142857	0.195434811853087	0.499776938496616
m6	13	Egg	3	2	0.1	0.975974792488022	0.296407045703329	62.3115079354735	0.848267926356589	0.500333333333333	0.225057418786499	0.362663898966531
m7	13	Egg	3	2	0.1	1.5150780380768	0.355224206848036	52.5492017338843	0.621883903133903	0.231571428571429	0.197455590530041	0.102381872381074
m1	14	Egg	3	2	0.1	0.986918988878541	0.396661351057077	62.2891521027092	0.890202476572958	0.579071428571429	0.252627298387941	0.456604597717638
m2	14	Egg	3	2	0.1	1.0801377746297	0.468986428128225	57.9417878212656	0.879236111111111	0.577119047619048	0.246492352668305	0.43942659739967
m3	14	Egg	3	2	0.1	1.76670994884005	0.423436843872106	45.5114200379485	0.613158831908832	0.231785714285714	0.186192012371737	0.0855573633983336
m4	14	Egg	3	2	0.1	1.54634340198161	0.428178463752531	44.9094400062513	0.697103758169935	0.34	0.197430179165553	0.199507934303363
m5	14	Egg	3	2	0.1	1.53746893865331	0.31387559912733	44.1589966432151	0.636388888888889	0.246833333333333	0.17303806435918	0.09633088201927
m6	14	Egg	3	2	0.1	0.918506771650305	0.298744425390263	62.9120941998336	0.88741542022792	0.6225	0.262310537687334	0.512477895576467
m7	14	Egg	3	2	0.1	0.863137462638449	0.341093408236447	34.4986811989517	0.907728758169935	0.666952380952381	0.264172108754967	0.564594993669764
m1	15	Egg	3	2	0.1	1.55374060291445	0.436614337884178	47.8532609365444	0.698217072409488	0.313833333333333	0.176559191627477	0.158147882473414
m2	15	Egg	3	2	0.1	1.52383861680391	0.428604566594814	45.3642625113664	0.630598958333333	0.277952380952381	0.189041197521556	0.0901205549976414
m3	15	Egg	3	2	0.1	1.79228372590273	0.306884769153182	40.4490056238177	0.527201704545455	0.200119047619048	0.166289126089606	0.0427946595051051
m4	15	Egg	3	2	0.1	1.65049324450375	0.473359180834947	42.278819862743	0.656557311621967	0.254357142857143	0.197328946418577	0.0943652786508523
m5	15	Egg	3	2	0.1	1.57229845901881	0.358411701663851	39.2044992662931	0.683132102272727	0.205666666666667	0.188684083858929	0.0832648492167765
m6	15	Egg	3	2	0.1	1.44869332678399	0.329778667244798	49.1833475898641	0.655241013071895	0.201547619047619	0.174881509427082	0.0615777206879617
m7	15	Egg	3	2	0.1	1.40313360916382	0.311235621478698	45.1058909931488	0.647529533844189	0.268619047619048	0.181688327733121	0.111827782953728
m1	16	Egg	3	2	0.1	1.14905173629244	0.501433003001932	50.9444132460627	0.833860294117647	0.544357142857143	0.247290142822027	0.409919505805965
m2	16	Egg	3	2	0.1	1.22260559138054	0.429334174384312	50.7725887433767	0.81593545751634	0.495833333333333	0.250178107150523	0.365541185652683
m3	16	Egg	3	2	0.1	1.99756159128406	0.382669705660456	45.2428547600295	0.418835830212235	0.0725952380952381	0.111025784078727	-0.0514310731801756
m4	16	Egg	3	2	0.1	1.72683514653828	0.375880232393542	46.6355328155552	0.575179597701149	0.235619047619048	0.163242121111964	0.0789651679241341
m5	16	Egg	3	2	0.1	1.46049745894081	0.338978444360689	35.3151926236714	0.643398692810457	0.322119047619048	0.190812382181789	0.182917257485638
m6	16	Egg	3	2	0.1	1.09197139055581	0.469067351598877	51.5327251077612	0.869155092592593	0.494666666666667	0.249183627791127	0.367313633491759
m7	16	Egg	3	2	0.1	1.02991185630338	0.357229931953353	39.8190850401597	0.880656492248062	0.5525	0.260194770783322	0.431556211087426
m1	17	Egg	3	2	0.1	1.24478195109499	0.506804025507838	67.5056121226652	0.816425653594771	0.508214285714286	0.266230053607623	0.371931186012628
m2	17	Egg	3	2	0.1	1.13057580691809	0.389075437409148	54.3015608167285	0.817322954822955	0.556452380952381	0.243973913951363	0.427985935025344
m3	17	Egg	3	2	0.1	1.7265831921066	0.3405747058192	41.4239826303812	0.580505952380952	0.18802380952381	0.172716905137902	0.0372593791793549
m4	17	Egg	3	2	0.1	1.44281222483297	0.447562627574794	46.1739540476198	0.742258522727273	0.398928571428571	0.217142882194964	0.237651160292946
m5	17	Egg	3	2	0.1	1.43980892396116	0.300321232046227	47.3151286117317	0.662045019157088	0.238785714285714	0.211811999033485	0.108164332315896
m6	17	Egg	3	2	0.1	0.979599939038409	0.304967583152458	51.9335489587209	0.85217123769339	0.514642857142857	0.249491884975884	0.385891525561502
m7	17	Egg	3	2	0.1	1.10001773190798	0.307946485139516	45.8190850473033	0.819575163398693	0.460666666666667	0.238524740074033	0.318070294442425
m1	18	Egg	3	2	0.1	0.901597999263888	0.327824146383826	55.8809603362703	0.8352969348659	0.550357142857143	0.223640694204892	0.387901533675191
m2	18	Egg	3	2	0.1	1.00050264786865	0.34916687351449	57.1974627072299	0.83465870596206	0.480761904761905	0.212240704139747	0.328409328407937
m3	18	Egg	3	2	0.1	1.43836340276502	0.316417045137583	48.7115887863174	0.639220505617977	0.227857142857143	0.185403688174786	0.0845898921186128
m4	18	Egg	3	2	0.1	1.42408530175671	0.388335440835062	44.9094400437639	0.667871485943775	0.310035714285714	0.200122735923072	0.154234923625098
m5	18	Egg	3	2	0.1	1.47165705394116	0.370633961520667	41.3151302879289	0.645202745849298	0.311880952380952	0.20308679080678	0.178125983647057
m6	18	Egg	3	2	0.1	0.841639580488646	0.280904084044485	50.8239351554981	0.914822796934866	0.559952380952381	0.208061598363173	0.432918071251728
m7	18	Egg	3	2	0.1	0.857705176572959	0.275730797193912	46.3878305600188	0.884016073657928	0.543642857142857	0.207305767930726	0.405477661182806
m1	19	Egg	3	2	0.1	1.37566436054798	0.46173994391594	59.8815630781269	0.695969881398252	0.404880952380952	0.226277767263115	0.249881122069428
m2	19	Egg	3	2	0.1	1.31769966500884	0.559437631438907	49.747803209776	0.726269014550265	0.429333333333333	0.245259431117722	0.274868992693788
m3	19	Egg	3	2	0.1	1.9106253862741	0.335844620608236	44.4131112359614	0.449180711610487	0.0625	0.110968974744205	-0.0471063939184254
m4	19	Egg	3	2	0.1	1.82295840945244	0.449893039689535	49.9400293586059	0.527733365633075	0.213142857142857	0.175044856544277	0.0444095147532727
m5	19	Egg	3	2	0.1	1.56470404398415	0.367631877806161	38.1629021650495	0.650513117283951	0.266714285714286	0.174660222872331	0.110773643900242
m6	19	Egg	3	2	0.1	1.16150218059783	0.359214007714593	46.6484886694509	0.800068636950904	0.435333333333333	0.213006905143022	0.275116760700135
m7	19	Egg	3	2	0.1	1.11675793324741	0.360382078314208	36.1368528530051	0.78770325203252	0.451547619047619	0.242579082108812	0.309628356306448
m1	20	Egg	3	2	0.1	1.5390256714729	0.445719628706957	65.5377013855012	0.690030864197531	0.320857142857143	0.201566030396535	0.159235702394347
m2	20	Egg	3	2	0.1	1.61733856965213	0.417759206104596	53.5451774833807	0.667934941520468	0.303666666666667	0.195065098921	0.160314405256842
m3	20	Egg	3	2	0.1	1.86475864629966	0.29130970497576	44.4131112359614	0.425087803320562	0.0937857142857143	0.130567625331893	-0.0516209570532965
m4	20	Egg	3	2	0.1	1.62013341245118	0.381785786291094	47.1408757275086	0.588806960049938	0.242690476190476	0.184693130897817	0.0748948550570339
m5	20	Egg	3	2	0.1	1.40591996858666	0.305861941397923	41.3961852085068	0.681824712643678	0.258190476190476	0.202588756737609	0.119377113074593
m6	20	Egg	3	2	0.1	1.33484747574249	0.38379244821804	50.4336416047002	0.75439942002442	0.35402380952381	0.215667527771572	0.201554384036717
m7	20	Egg	3	2	0.1	1.44731229322458	0.301541050314079	50.3177662277445	0.685251130490956	0.32347619047619	0.202716107621122	0.193902379917848
m1	21	Egg	3	2	0.1	0.75185132611364	0.259085126686451	40.4986811923218	0.923914431673052	0.69152380952381	0.231805651664026	0.591369385015541
m2	21	Egg	3	2	0.1	0.975785036034947	0.384921397643428	40.4986811868943	0.885522003745318	0.624666666666667	0.281664524925613	0.518908693257126
m3	21	Egg	3	2	0.1	1.72167010182876	0.343547354703413	41.7064390841185	0.576241134751773	0.168833333333333	0.161912929864985	0.0548301638698151
m4	21	Egg	3	2	0.1	1.29722288028017	0.330446470392317	44.0593947303114	0.742331104252401	0.329928571428571	0.244007523777259	0.176532819401877
m5	21	Egg	3	2	0	1.15146770640931	0.384488154798142	37.7750465346105	0.717768719806763	0.344714285714286	0.204307128336291	0.201385139726787
m6	21	Egg	3	2	0.1	0.703034112636402	0.240366373870461	34.6063243308886	0.928633720930233	0.636666666666667	0.274444648918257	0.538097412943617
m7	21	Egg	3	2	0.1	0.825114583693683	0.255079090794589	34.4986811834745	0.896737637362637	0.644214285714286	0.240008964908493	0.524926528630975
m1	22	Egg	3	2	0.1	1.13007089454926	0.436068126444316	67.7528550866677	0.869225363756614	0.558738095238095	0.261565667710676	0.429863450041753
m2	22	Egg	3	2	0.1	1.32658709707826	0.361014907283258	54.0001820726944	0.80661865569273	0.459952380952381	0.248529512572048	0.344498594586915
m3	22	Egg	3	2	0.1	1.63688234537904	0.41541919065427	37.7605146210091	0.576045850066934	0.177119047619048	0.200201430608069	0.0481555461035876
m4	22	Egg	3	2	0.1	1.16939696895072	0.3485880799568	55.3686241450886	0.836299725651578	0.438571428571429	0.232661419311621	0.295764352470695
m5	22	Egg	3	2	0.1	1.24326247127624	0.333699496703028	38.1427601446873	0.767744670542636	0.410785714285714	0.211310773390882	0.267133914250243
m6	22	Egg	3	2	0.1	1.15456892255589	0.338091359796444	57.3149262339227	0.847040343915344	0.506119047619048	0.25076699380679	0.390771439524563
m7	22	Egg	3	2	0.1	1.32239631136526	0.323298216999799	45.0343913590366	0.769529320987654	0.495666666666667	0.24970937091234	0.360660238240031
m1	23	Egg	3	2	0.1	0.998259209905131	0.380184416654644	51.0081276114855	0.871686746987952	0.486857142857143	0.234806161415529	0.320993638747998
m2	23	Egg	3	2	0.1	1.12060358495558	0.436113711587151	52.8477652403645	0.824969474969475	0.479833333333333	0.230006282547289	0.323605859849879
m3	23	Egg	3	2	0.1	1.75415291090902	0.275928712428828	49.2096055619916	0.506357473544974	0.0925833333333333	0.13896409579973	-0.0135003363341464
m4	23	Egg	3	2	0.1	1.54278804479201	0.394998004346582	45.1058909867055	0.626507173382173	0.327	0.186313097086339	0.182340917379684
m5	23	Egg	3	2	0.1	1.43330744870299	0.325586649451681	41.3151302879289	0.668617353308365	0.305238095238095	0.198374022204486	0.165966566965288
m6	23	Egg	3	2	0.1	0.911004392776543	0.305957577429211	41.6542793955227	0.871064814814815	0.530285714285714	0.235683815522496	0.397250835433672
m7	23	Egg	3	2	0.1	1.04424869947365	0.339206161830967	53.398586410812	0.834672619047619	0.465119047619048	0.239576291875767	0.318604761088881
m1	24	Egg	3	2	0.1	1.38698972572853	0.450539954622343	65.9179873226926	0.694331395348837	0.42997619047619	0.259473408797276	0.279177316569686
m2	24	Egg	3	2	0.1	1.46053219467568	0.407049239020622	67.6063352961381	0.689220505617978	0.405357142857143	0.219454359962715	0.242246061717539
m3	24	Egg	3	2	0.1	1.97555933457875	0.4118957674483	45.3054439591711	0.424665637860082	0.074702380952381	0.109196078742653	-0.0451822807495574
m4	24	Egg	3	2	0.1	1.53864921315198	0.393122069368451	48.9214822267426	0.632275883838384	0.279952380952381	0.225150816909011	0.132041979935423
m5	24	Egg	3	2	0	1.14684135580942	0.303261890906983	43.7750216185236	0.720217803030303	0.304833333333333	0.187865543412824	0.161378991781166
m6	24	Egg	3	2	0.1	1.15616414887105	0.319878909859036	51.5027054456469	0.795770582329317	0.509285714285714	0.24638421431237	0.380376015247789
m7	24	Egg	3	2	0.1	1.31091457302018	0.401184040602137	45.5027054442552	0.748697916666667	0.410166666666667	0.246221556675047	0.269745897164223
m1	25	Egg	3	2	0.1	0.909782757772335	0.367551339132827	50.4952088132562	0.88501872659176	0.568809523809524	0.209852463173443	0.420398383156054
m2	25	Egg	3	2	0.1	0.99398701088285	0.359977065383463	52.0898210953383	0.854732365792759	0.550285714285714	0.192243866025345	0.41538720156159
m3	25	Egg	3	2	0.1	1.75487204112034	0.26050055425658	44.1824590532661	0.485691015089163	0.112047619047619	0.125720544030677	-0.0192153820977644
m4	25	Egg	3	2	0.1	1.52248910352328	0.38826519850002	39.0159162096561	0.635614502583979	0.320857142857143	0.212568912355095	0.147350491269694
m5	25	Egg	3	2	0.1	1.39075435543497	0.333297128743571	35.3151926236714	0.67165327978581	0.314285714285714	0.212898077765084	0.187863773306303
m6	25	Egg	3	2	0.1	0.848735138713576	0.35048866739744	35.6492138932013	0.885927960927961	0.587666666666667	0.203568335799228	0.44873736356961
m7	25	Egg	3	2	0.1	0.901779552005836	0.250846177767942	46.3878305600188	0.892118863049096	0.53852380952381	0.188435551640986	0.41223375317493
m1	26	Egg	3	2	0.1	1.63379812445686	0.549666399278473	72.1038528881187	0.695229640151515	0.320833333333333	0.252166538150808	0.165360309130273
m2	26	Egg	3	2	0.1	1.70337286169155	0.386613435976584	49.6381700656735	0.573299808429119	0.210833333333333	0.162098593406258	0.0535189935336592
m3	26	Egg	3	2	0.1	1.81102647116293	0.31208179496641	41.4527711570951	0.466562899106003	0.147452380952381	0.157857723248813	0.00279536761948279
m4	26	Egg	3	2	0.1	1.55282738906082	0.401381459330494	45.9559363930672	0.703554894179894	0.315690476190476	0.192842176332432	0.151901129582675
m5	26	Egg	3	2	0.1	1.46246975770425	0.359787715890899	41.9518722453164	0.727458175505051	0.322166666666667	0.187966479209452	0.162376063172705
m6	26	Egg	3	2	0.1	1.44998726495491	0.32323451102163	67.2516862439291	0.744067938420348	0.251190476190476	0.193765637887823	0.109960262922312
m7	26	Egg	3	2	0.1	1.57278234068488	0.296071717048564	49.1833475697186	0.603753306878307	0.145833333333333	0.148058421902627	0.0349912795236068
m1	27	Egg	3	2	0.1	1.37030024129603	0.410615814838577	48.74211537436	0.748533950617284	0.359428571428571	0.220875874117352	0.198114175947509
m2	27	Egg	3	2	0.1	1.33523760497293	0.412424764351469	44.5073686009469	0.747243139223561	0.34747619047619	0.213521651017877	0.171771420423713
m3	27	Egg	3	2	0.1	1.91387997830831	0.335361475963536	44.1430714165952	0.449462632275132	0.0644285714285714	0.112679519990305	-0.0571573801657672
m4	27	Egg	3	2	0.1	1.73872993130515	0.396091667086358	41.7841154541071	0.639763708513708	0.256619047619048	0.193860205415356	0.104243724605059
m5	27	Egg	3	2	0.1	1.57102966345261	0.299361487757147	38.1629021650495	0.654236891385768	0.263166666666667	0.197633232277776	0.111637996933511
m6	27	Egg	3	2	0.1	1.22001600352088	0.356680351247753	46.6558609290565	0.793506117724868	0.371	0.228701256819746	0.231979355718054
m7	27	Egg	3	2	0.1	1.30208319456884	0.402351827145451	42.1368512876551	0.742501560549313	0.350333333333333	0.234448752892576	0.207261371391175
m1	28	Egg	3	2	0.1	1.55617381329434	0.504904693825322	66.1006687820398	0.690535394265233	0.3285	0.199399983789752	0.164436908770042
m2	28	Egg	3	2	0.1	1.55488095884939	0.415735976189705	67.7565978983248	0.6734375	0.31497619047619	0.175798836401811	0.152245625673382
m3	28	Egg	3	2	0.1	1.8094162739005	0.263231176475795	49.03364928426	0.43328488372093	0.0725	0.116927918168152	-0.0527490438660515
m4	28	Egg	3	2	0.1	1.66579678072954	0.399421352423339	48.813049106519	0.618762112403101	0.179952380952381	0.162778877086477	0.0206000793019094
m5	28	Egg	3	2	0.1	1.6021280231596	0.319650592286916	44.1589966432151	0.612887132822478	0.254857142857143	0.183089053475498	0.105446831358365
m6	28	Egg	3	2	0.1	1.49014301136018	0.407101484430423	52.5492017551252	0.665480649188514	0.30725	0.164423690848471	0.149009459155454
m7	28	Egg	3	2	0.1	1.46861107916533	0.402148623582838	46.5492017342401	0.679346552878179	0.280761904761905	0.206621997508868	0.159232798195853
m1	29	Egg	3	2	0.1	0.524287850210065	0.187804254764931	53.6698486987679	0.983204134366925	0.735190476190476	0.229795598493464	0.63962817682689
m2	29	Egg	3	2	0.1	0.615994180380405	0.246685450476634	36.1863069526653	0.974254742547426	0.700880952380952	0.233515025558121	0.592936875472418
m3	29	Egg	3	2	0.1	1.34840279720263	0.301699506438083	33.871510559918	0.655571519795658	0.320380952380952	0.208850781841467	0.173275914073689
m4	29	Egg	3	2	0.1	0.973886681135039	0.281952741364848	43.4307165686654	0.838156793842035	0.48452380952381	0.238324925287003	0.332509708016791
m5	29	Egg	3	2	1e-04	1.16339864259819	0.337416734992562	37.7750465346122	0.738049095607235	0.309285714285714	0.170482162570293	0.177132128211691
m6	29	Egg	3	2	0.1	0.651605478521455	0.28496945456356	40.595612358111	0.931868614303959	0.738166666666667	0.278678287821737	0.66049769534618
m7	29	Egg	3	2	0.1	0.647005312318719	0.275905710916504	34.4986811846887	0.930318986568987	0.7925	0.262706014503126	0.7359329678413
m1	30	Egg	3	2	0.1	1.2868460494853	0.557357545401044	63.9552646549202	0.771965939153439	0.559166666666667	0.254573002704967	0.447594992946503
m2	30	Egg	3	2	0.1	1.37552167065196	0.531508189164027	65.8314583755059	0.724225734355045	0.488833333333333	0.254018459819261	0.35385384619976
m3	30	Egg	3	2	0.1	2.04839123632653	0.304716117389851	53.9675255076667	0.352206790123457	0.034	0.0793110061103482	-0.10053691185499
m4	30	Egg	3	2	0.1	1.59391471266122	0.526760643273842	48.2509129699066	0.685667670682731	0.294059523809524	0.199837990037694	0.131984319251134
m5	30	Egg	3	2	0.1	1.1935785931115	0.35174581376743	32.0594375716792	0.798148148148148	0.499880952380952	0.201685951194836	0.35676630297866
m6	30	Egg	3	2	0.1	1.07853619441465	0.423361526031402	38.3177662210024	0.834754150702427	0.537833333333333	0.243326818325218	0.393780402669831
m7	30	Egg	3	2	0.1	1.12062587411402	0.42706902639489	38.4781737721874	0.826601307189543	0.5145	0.251103315635444	0.392456696979508
m1	31	Egg	3	2	0.1	1.28052131305883	0.386977288073032	63.7832282707702	0.748946496212121	0.521714285714286	0.23256622141702	0.391664025453388
m2	31	Egg	3	2	0.1	1.41140034499198	0.49315819135543	60.953637128143	0.699652777777778	0.400166666666667	0.20498138482726	0.238448410031362
m3	31	Egg	3	2	0.1	1.63082850369755	0.326419421574979	49.9346202911178	0.577310956790123	0.181333333333333	0.157763550361518	0.0224836745480048
m4	31	Egg	3	2	0.1	1.40736981595773	0.481386008169214	42.2248373780818	0.725073302469136	0.353678571428571	0.18495385000115	0.183367374377973
m5	31	Egg	3	2	0.1	1.12617048121499	0.348895263429308	32.0594375716792	0.823433366402116	0.520166666666667	0.225708698073608	0.389029591083448
m6	31	Egg	3	2	0.1	1.11080770286779	0.345033635124569	44.4218745076188	0.834207240948814	0.511285714285714	0.237416208255979	0.372567866885659
m7	31	Egg	3	2	0.1	1.27956092667102	0.446169062116166	40.5492017479482	0.757830056179775	0.408166666666667	0.222291592707759	0.254845139711065
m1	32	Egg	3	2	0.1	1.40785010381674	0.415193706638589	70.7003777129997	0.754727564102564	0.358333333333333	0.21229730545506	0.213868043459123
m2	32	Egg	3	2	0.1	1.59510101869555	0.394868201907449	68.9355149343657	0.661173862115127	0.264761904761905	0.211959205246221	0.118393181945047
m3	32	Egg	3	2	0.1	1.94255852147517	0.297004966196392	45.2430663825563	0.430032771535581	0.100333333333333	0.140325499433445	-0.0422393864268275
m4	32	Egg	3	2	0.1	1.52143382701873	0.483336285712439	48.1368512729407	0.707682841068917	0.331404761904762	0.22023713843506	0.179057023318155
m5	32	Egg	3	2	0.1	1.17747235876142	0.332782712246133	38.1427601446873	0.808040730337079	0.43097619047619	0.226531222290321	0.295750883497454
m6	32	Egg	3	2	0.1	1.22376897252244	0.371172793970966	59.381982022669	0.791939762796504	0.368833333333333	0.234875316160328	0.208354232989524
m7	32	Egg	3	2	0.1	1.39450670139039	0.314966067418332	48.1368512998642	0.692897727272727	0.290547619047619	0.195200976949991	0.138751067257326
m1	33	Egg	3	2	0.1	1.25400459220071	0.462685145101943	64.8315209497326	0.78047385620915	0.51547619047619	0.265080769193817	0.367939852213953
m2	33	Egg	3	2	0.1	1.31669795429695	0.45670128424767	42.5916737917045	0.755589849108368	0.414547619047619	0.245364475904457	0.261623980129667
m3	33	Egg	3	2	0.1	1.9295001629836	0.361298415041878	45.2986379605054	0.4228270609319	0.132190476190476	0.140387699278484	-0.0171609532090081
m4	33	Egg	3	2	0.1	1.842661100518	0.450468270803525	54.6650629680068	0.59872406291834	0.171952380952381	0.16675823087767	0.0133075797196194
m5	33	Egg	3	2	0.1	1.56825315439402	0.290765780109436	38.1629021650495	0.65290652309613	0.242166666666667	0.173422908090324	0.10713344031718
m6	33	Egg	3	2	0.1	1.07237481355707	0.364498049814379	44.4294593831207	0.840934571619813	0.547119047619048	0.26136094991733	0.420692987758505
m7	33	Egg	3	2	0.1	1.10555605745325	0.381928908163617	33.5027070066539	0.808567415730337	0.572357142857143	0.268231104458666	0.451226133599573
m1	34	Egg	3	2	0.1	0.92349919301942	0.315857986271598	42.8350542665086	0.898587962962963	0.534166666666667	0.247006488552842	0.408413329025932
m2	34	Egg	3	2	0.1	1.1748716210648	0.32944598944221	55.3312825628983	0.806823320413437	0.44347619047619	0.217263427156039	0.295624528815565
m3	34	Egg	3	2	0.1	1.77589203227068	0.263885603258688	45.3701609316795	0.473994252873563	0.106833333333333	0.136311334900832	-0.0129925571156287
m4	34	Egg	3	2	0.1	1.38418265909314	0.298959337647293	47.3151286475355	0.69161877394636	0.259690476190476	0.17952726548538	0.129018556603205
m5	34	Egg	3	2	0	1.22304016691615	0.323337711345396	37.7750465346105	0.72734173126615	0.302190476190476	0.171340258370403	0.161551932716406
m6	34	Egg	3	2	1e-04	0.735146946530663	0.325622545607963	41.2643010312266	0.877604166666667	0.510047619047619	0.22026934635213	0.355850509364482
m7	34	Egg	3	2	0.1	1.05208356075895	0.303455144471027	44.1120692098485	0.836626092384519	0.491452380952381	0.205720569522166	0.362333450732872
m1	35	Egg	3	2	0.1	1.44635117294212	0.447540309589109	67.0672383867445	0.730024005486968	0.35852380952381	0.224431703012761	0.216731461544843
m2	35	Egg	3	2	0.1	1.48315503561961	0.467684039481727	48.7301167337364	0.720106209150327	0.316738095238095	0.217681514774515	0.179300581740744
m3	35	Egg	3	2	0.1	1.55785227252545	0.308544009414063	40.1509947493833	0.576460727969349	0.25052380952381	0.215175476254702	0.101459215028733
m4	35	Egg	3	2	0.1	1.58133560419731	0.442697413954028	47.9718457553303	0.623744658119658	0.263357142857143	0.19607800863229	0.104572963274407
m5	35	Egg	3	2	0.1	1.61484105509306	0.366581494559554	44.1589966432151	0.64578084625323	0.22902380952381	0.196248425563273	0.0940847333441707
m6	35	Egg	3	2	0.1	1.39912297560078	0.383629845584905	54.1368512805339	0.738790849673203	0.325380952380952	0.237093906911319	0.19204662967236
m7	35	Egg	3	2	0.1	1.41898510053124	0.378557584877352	48.1368512998642	0.685503472222222	0.268833333333333	0.201198080977432	0.142300653521269
m1	36	Egg	3	2	0.1	1.28143989078304	0.49476997199176	57.8190850305963	0.804603620474407	0.501285714285714	0.230196399365538	0.352178610352193
m2	36	Egg	3	2	0.1	1.2008649112274	0.390314100671859	52.0096034369375	0.85184264520202	0.515404761904762	0.253929572947171	0.39221797058615
m3	36	Egg	3	2	0.1	1.80876761452093	0.398781491046859	41.8713239433086	0.557355967078189	0.214428571428571	0.161109447741255	0.0705652272899973
m4	36	Egg	3	2	0.1	1.80068100201807	0.518113842608676	47.2162175425674	0.555669831223629	0.251690476190476	0.176753871858387	0.0744781435644304
m5	36	Egg	3	2	0.1	1.59152504344097	0.320241561386518	44.1589966432151	0.632154392764858	0.247833333333333	0.179030544955145	0.105559268706477
m6	36	Egg	3	2	0.1	1.1185580500054	0.449646203752328	63.5463582307579	0.840297733077905	0.567285714285714	0.243861305715932	0.439438240085314
m7	36	Egg	3	2	0.1	1.04286425587812	0.408819808519379	40.0319883938622	0.892413598191214	0.536833333333333	0.225857823538223	0.408827733018082
m1	37	Egg	3	2	0.1	1.2918223475463	0.462419994331336	53.5451774930091	0.713142560664112	0.440261904761905	0.244392925503656	0.303943349399737
m2	37	Egg	3	2	0.1	1.16467260294552	0.462176832561202	42.7301167288848	0.758292483660131	0.484642857142857	0.275665723442137	0.360082561835419
m3	37	Egg	3	2	0.1	1.85236388885896	0.298867312384997	49.03364928426	0.434790903540904	0.0591904761904762	0.107016396964091	-0.0599634518649864
m4	37	Egg	3	2	0.1	1.73519362451347	0.38138867212865	54.7040280555915	0.562236286919831	0.160642857142857	0.159931405149378	0.012587724555888
m5	37	Egg	3	2	0.1	1.59849831593858	0.333878868450663	44.1589966432151	0.658823529411765	0.191380952380952	0.183746802359043	0.0675687564047505
m6	37	Egg	3	2	0.1	1.12780904729288	0.327545238224963	52.6477998731348	0.782211538461538	0.483309523809524	0.22751516982403	0.333774627759282
m7	37	Egg	3	2	0.1	1.05886813309635	0.358629853236232	36.1368528530051	0.808205619412516	0.500214285714286	0.2459807923311	0.355119682310079
m1	38	Egg	3	2	0.1	1.29135704208994	0.385965168021548	45.5029862453192	0.754603909465021	0.357309523809524	0.21279806817714	0.192515330683307
m2	38	Egg	3	2	0.1	1.51041893809821	0.35400500158589	45.3642625022164	0.690321180555556	0.273857142857143	0.152409501594472	0.0989830375509015
m3	38	Egg	3	2	0.1	1.72010129112729	0.328700710242942	39.4136621643212	0.593849206349206	0.1505	0.158582649713402	0.0407435241517825
m4	38	Egg	3	2	0.1	1.3162130073561	0.362764179768687	47.1405930446002	0.753484477124183	0.383309523809524	0.2207951225776	0.2230996495953
m5	38	Egg	3	2	0	1.12989553233015	0.307165570580435	37.7750414548291	0.708921568627451	0.29897619047619	0.186834246799868	0.165568542568543
m6	38	Egg	3	2	0.1	1.3494929105541	0.321787427667329	51.9047064927181	0.673105281207133	0.287119047619048	0.179808316909537	0.148032201046661
m7	38	Egg	3	2	0.1	1.38893674816133	0.302428782554997	45.1058909931488	0.65820987654321	0.252142857142857	0.16101298556458	0.0998068007478509
m1	39	Egg	3	2	0.1	1.31846056917401	0.472834458409983	69.7252426759482	0.746974206349206	0.49977380952381	0.266467142973018	0.374274953939372
m2	39	Egg	3	2	0.1	1.47265136462035	0.446154551330166	61.2214977305455	0.667871966794381	0.393	0.229247292214443	0.23600759519223
m3	39	Egg	3	2	0.1	1.76343268684339	0.404628556411613	42.2738429491674	0.548177083333333	0.223380952380952	0.177360292368541	0.0615638594132729
m4	39	Egg	3	2	0.1	1.31296430325104	0.446092951100893	48.2172571370319	0.74525462962963	0.381904761904762	0.241818649385329	0.233188018869946
m5	39	Egg	3	2	0.1	1.17548720943025	0.343326162096279	38.0593971135941	0.828412356321839	0.390952380952381	0.209760896077994	0.256046164206485
m6	39	Egg	3	2	0.1	1.05597465734368	0.378078231662822	58.0709251362838	0.847013888888889	0.575285714285714	0.250726464597326	0.459237154058493
m7	39	Egg	3	2	0.1	1.15716888481547	0.405368244991031	38.4967659966898	0.813848039215686	0.491357142857143	0.252303720701433	0.364612941408131
m1	40	Egg	3	2	0.1	1.26933894365988	0.459625253253952	59.1257929595591	0.780086016414141	0.494095238095238	0.24179247715026	0.353363263246377
m2	40	Egg	3	2	0.1	1.45862524106287	0.521665445030218	56.028757000253	0.739132771164021	0.386904761904762	0.255095464767849	0.248668937363012
m3	40	Egg	3	2	0.1	1.81499736121714	0.344539876617703	41.472818737081	0.501490324594257	0.163166666666667	0.163784764046545	0.0164536330822675
m4	40	Egg	3	2	0.1	1.50134500603656	0.357684268397023	43.8629437697116	0.679071180555556	0.270964285714286	0.18880830121213	0.121514616877263
m5	40	Egg	3	2	0.1	1.35939104409265	0.299286010978867	41.3151298007953	0.697262596899225	0.306595238095238	0.1785827653929	0.152273976938001
m6	40	Egg	3	2	0.1	1.21751036320332	0.357340146420695	46.6521639831053	0.774791666666667	0.407142857142857	0.202284870947896	0.249956099770059
m7	40	Egg	3	2	0.1	1.27867241534681	0.394920152071079	42.1368512876551	0.751003086419753	0.352285714285714	0.243601298844517	0.213048625155534
m1	41	Egg	3	2	0.1	1.07479707262922	0.354751352190305	57.9960954205567	0.879909560723514	0.488309523809524	0.245026128759176	0.349452459170782
m2	41	Egg	3	2	0.1	1.26236583552792	0.306195851766917	56.1637468143568	0.794388717421125	0.386309523809524	0.221737870167666	0.240533111836972
m3	41	Egg	3	2	0.1	1.72261524443261	0.346322735514479	40.7581367571753	0.551016865079365	0.217	0.169032551544155	0.0574499465294213
m4	41	Egg	3	2	0.1	1.28705884853655	0.408709573281055	45.5027054553336	0.794868378552972	0.48652380952381	0.245931697760481	0.350196924354211
m5	41	Egg	3	2	0.1	1.19746389200076	0.377236137886142	38.1427601446873	0.803534973226238	0.386119047619048	0.232892176286947	0.265744765471734
m6	41	Egg	3	2	0.1	1.06970982948072	0.364124230685573	39.5833116767874	0.892435515873016	0.4855	0.287542072264408	0.368375385878185
m7	41	Egg	3	2	0.1	1.30014980448771	0.298526474354771	38.0593970294403	0.764857881136951	0.344333333333333	0.208358180336485	0.203231095919301
m1	42	Egg	3	2	1e-04	0.56159507811252	0.856532507647412	42.0001294644666	0.990727124183007	0.800666666666667	0.250004713760275	0.729311875844149
m2	42	Egg	3	2	0.1	0.552781368475678	0.260872334881921	42.0001776785663	0.987091503267974	0.744904761904762	0.240469170624137	0.659874434781127
m3	42	Egg	3	2	0.1	1.00478117898812	0.326131550139687	29.359994038745	0.866804718875502	0.467892857142857	0.240068986872151	0.321906373710253
m4	42	Egg	3	2	0.1	1.08051949936427	0.380212333885645	42.4983645384445	0.79927398989899	0.507880952380952	0.234466990868465	0.356081637603719
m5	42	Egg	3	2	0.1	1.44078877827025	0.355004588767606	35.3151926236714	0.662797619047619	0.30052380952381	0.201430322581103	0.157698819068788
m6	42	Egg	3	2	0.1	0.683581110252184	0.370482294245118	36.0001783867467	0.981303418803419	0.744785714285714	0.237743293274224	0.670870467089107
m7	42	Egg	3	2	1e-04	0.626806173634754	0.796437543085607	49.642351481615	0.977656835205993	0.786333333333333	0.213363581609775	0.695280719829513
m1	43	Egg	3	2	0.1	1.51391585010142	0.448282159122158	72.4977810283463	0.675573320413437	0.364261904761905	0.235244963269704	0.173898632716618
m2	43	Egg	3	2	0.1	1.60908150033263	0.386799072631588	73.9878961760596	0.639704275905119	0.295952380952381	0.177498137363448	0.124494336657238
m3	43	Egg	3	2	0.1	2.03329496852841	0.366288129470731	53.4039569802089	0.398173309178744	0.0982619047619048	0.139468736001178	-0.0443763361531904
m4	43	Egg	3	2	0.1	1.72194071496423	0.363529850404212	52.6355324557674	0.563621487867177	0.207785714285714	0.190083727171462	0.0455083575730862
m5	43	Egg	3	2	0.1	1.44967931061649	0.343608630221858	35.4047462873016	0.679136141636142	0.334666666666667	0.198007470752053	0.179952754605898
m6	43	Egg	3	2	0.1	1.39486263789481	0.501473573384711	46.5492017738631	0.710392992424242	0.340809523809524	0.189220554731746	0.182524456245509
m7	43	Egg	3	2	0.1	1.388358351067	0.484403998756499	46.5492017762292	0.718937265917603	0.35252380952381	0.208970973621905	0.209312449041859
m1	44	Egg	3	2	0.1	1.21944089701707	0.424058639560306	69.3573920420529	0.836315883190883	0.479452380952381	0.261488946882933	0.350187149285384
m2	44	Egg	3	2	0.1	1.24661940914399	0.454155743850884	44.7725887412982	0.794416507024266	0.503476190476191	0.236871656365075	0.354995773199863
m3	44	Egg	3	2	0.1	1.96878342996686	0.388160831652184	45.2428537698329	0.375555555555556	0.0669285714285714	0.113384238732243	-0.0651530405140245
m4	44	Egg	3	2	0.1	1.72892111400505	0.557328493234824	46.0467602386654	0.6217453145917	0.234333333333333	0.168322081832192	0.0589829991106118
m5	44	Egg	3	2	0.1	1.45643413669301	0.368034301318415	35.8785387194619	0.714768518518519	0.327071428571429	0.188622732865197	0.164387087628574
m6	44	Egg	3	2	0.1	1.0928235400651	0.352286350992238	57.4848341117352	0.857275132275132	0.595309523809524	0.249264350884763	0.46650584530484
m7	44	Egg	3	2	0.1	1.18223836426016	0.396594827881303	33.819085035486	0.811068196004994	0.571690476190476	0.256016697177811	0.429036985006764
m1	45	Egg	3	2	0.1	0.749618908536957	0.26502572121482	54.8653655031641	0.907382605820106	0.620714285714286	0.242719287661959	0.497617579902956
m2	45	Egg	3	2	0.1	0.776907981910043	0.321029748561578	44.7725887498317	0.925217013888889	0.632833333333333	0.253056012927993	0.520803098510425
m3	45	Egg	3	2	0.1	1.78340729582592	0.321546997877599	43.0277374104868	0.517526830808081	0.158880952380952	0.162655593915003	0.0153467393159536
m4	45	Egg	3	2	0.1	1.36450801559897	0.378737674571375	46.0570964583666	0.732770593869732	0.328357142857143	0.228449666692401	0.197043125956169
m5	45	Egg	3	2	1e-04	1.17107312044961	0.287203801614793	37.8328491075635	0.740707671957672	0.281785714285714	0.182897063731417	0.152133247809804
m6	45	Egg	3	2	0.1	0.669978402146219	0.254674254804111	40.595612358111	0.917063492063492	0.676880952380952	0.265950710148685	0.584527385205841
m7	45	Egg	3	2	0.1	0.707497498672705	0.276961668034374	34.4986811846887	0.895498084291188	0.726452380952381	0.259794483778057	0.642568436674408
m1	46	Egg	3	2	0.1	0.847017564804824	0.354159494658495	60.650712054034	0.902966820987654	0.623	0.25845717678843	0.502298224739841
m2	46	Egg	3	2	0.1	1.01061676146381	0.427891482264751	63.5045786469335	0.834465751262626	0.562619047619048	0.245296695576897	0.409536586339928
m3	46	Egg	3	2	0.1	1.66970790243933	0.252164197746343	39.4656472344747	0.592688378033206	0.154	0.150590308710226	0.0238378396467332
m4	46	Egg	3	2	0.1	1.24682253154601	0.545806298009235	49.1697456002919	0.838004298941799	0.460785714285714	0.23874069677357	0.308499471845038
m5	46	Egg	3	2	0.1	1.20812013162862	0.292812412403132	38.0593971135941	0.802868357487923	0.419666666666667	0.191080277052183	0.267334469758182
m6	46	Egg	3	2	0.1	0.904494975190699	0.303521106609437	44.8848565240785	0.885547839506173	0.587	0.25011310572732	0.451552310724993
m7	46	Egg	3	2	0.1	0.955456146841117	0.336746225651894	44.967610408076	0.899786014211886	0.569666666666667	0.269885324474414	0.464773341003718
m1	47	Egg	3	2	0.1	1.35171543674561	0.541374678725598	49.9645601760389	0.686272609819121	0.398666666666667	0.251110664163364	0.228627952486707
m2	47	Egg	3	2	0.1	1.4670974705959	0.495579107719951	51.1284793191918	0.676155995934959	0.367333333333333	0.226578634567868	0.218160168740481
m3	47	Egg	3	2	0.1	1.76132446026532	0.342534857132916	42.3462004373097	0.55658950617284	0.200761904761905	0.183000509974949	0.0575978175211015
m4	47	Egg	3	2	0.1	1.4563419646124	0.30688530448413	37.7752007018956	0.643059738955823	0.303261904761905	0.192319321763639	0.147836347344412
m5	47	Egg	3	2	0	1.10911397692624	0.333126430221089	31.8392065310176	0.736845466155811	0.318	0.194273806801068	0.184316469164954
m7	47	Egg	3	2	0.1	1.16547607117171	0.371260341914721	36.1368528617172	0.763838734567901	0.443166666666667	0.231596409180346	0.295286068025542
m1	48	Egg	3	2	0.1	0.988529604985675	0.393104507419277	54.1924548309069	0.883922803617571	0.632357142857143	0.280625496689692	0.534744652543451
m2	48	Egg	3	2	0.1	0.915088864092682	0.423481449368818	42.0001929735533	0.909197351421189	0.670571428571429	0.249044882939987	0.566685495440551
m3	48	Egg	3	2	0.1	1.78213356495522	0.345634598261818	42.9534742071469	0.515674603174603	0.13252380952381	0.153049960876475	-0.0288436240939619
m4	48	Egg	3	2	0.1	1.71704824577325	0.375521965465657	47.2102646602157	0.607662297128589	0.164595238095238	0.162502664421297	0.000499488090488637
m5	48	Egg	3	2	0.1	1.62898775530103	0.378688554694899	44.1589966432151	0.639292114695341	0.228857142857143	0.174308514319899	0.0879331821709497
m6	48	Egg	3	2	0.1	0.834464362275449	0.367920073518432	62.9120941998336	0.911772088353414	0.659761904761905	0.294547303535474	0.565557272424236
m7	48	Egg	3	2	0.1	0.887054305389407	0.35801630617664	34.4986811989517	0.89859496124031	0.673333333333333	0.229049174043896	0.550249197642497
m1	49	Egg	3	2	0.1	0.680797540701341	0.222298072679604	50.4362657262497	0.970078502415459	0.766619047619048	0.236973301809785	0.69240781243477
m2	49	Egg	3	2	0.1	0.796675467845424	0.250228238704034	46.3501899370798	0.945367647058823	0.628	0.266360093134024	0.522130732087865
m3	49	Egg	3	2	0.1	1.41431152548277	0.385955749518234	38.087854306649	0.743427878179384	0.382595238095238	0.208422456028195	0.256503470745812
m4	49	Egg	3	2	0.1	1.20730047934858	0.2808050568431	44.0593947268495	0.804833173690932	0.399190476190476	0.186101832903609	0.262006389635065
m5	49	Egg	3	2	1e-04	1.19534061952755	0.303446711275134	37.8328495433813	0.723523206751055	0.279904761904762	0.176157752118814	0.156741077762817
m6	49	Egg	3	2	1e-04	0.461065624507028	0.220065124436501	32.4024477123725	0.915058876811594	0.647547619047619	0.17900507071484	0.521131526884596
m7	49	Egg	3	2	0	0.482936691965502	0.258492501349583	36.735081916378	0.918095930232558	0.605166666666667	0.201964190467521	0.479617164554958
m1	50	Egg	3	2	0.1	0.614867824363619	0.261154676853457	42.1359482165293	0.982758620689655	0.767761904761905	0.253006706984342	0.689303977704676
m2	50	Egg	3	2	0.1	0.883992308217173	0.30423845736005	40.642040182443	0.931552810077519	0.603857142857143	0.239670063606948	0.480746431859668
m3	50	Egg	3	2	0.1	1.42753658379406	0.336230418402157	41.3997038057457	0.696851325757576	0.239166666666667	0.163065041108983	0.100034442779136
m4	50	Egg	3	2	0.1	0.790111774388898	0.251526136809281	36.805225104337	0.896986749680715	0.552190476190476	0.223108847632369	0.41643442367805
m5	50	Egg	3	2	1e-04	0.649446733940595	0.302063881742224	32.4147712783188	0.889206827309237	0.505833333333333	0.230766073080779	0.347510665717299
m6	50	Egg	3	2	0.1	0.606424852279319	0.225701133533739	49.2424865806826	0.967090201465201	0.762833333333333	0.202235296876403	0.680692790375112
m7	50	Egg	3	2	0.1	0.89830996878001	0.255923314989268	43.0616906412583	0.929611423220974	0.575309523809524	0.237427552266821	0.467565379769233
m1	51	Egg	3	2	0.1	1.1600041935619	0.386885208867321	51.9596462554396	0.847843992248062	0.534333333333333	0.240834454694301	0.400516743277628
m2	51	Egg	3	2	0.1	1.20579435010046	0.353044955764461	64.8854106066177	0.860594135802469	0.5325	0.210383848325777	0.391414670216262
m3	51	Egg	3	2	0.1	1.8873218396195	0.392524817242396	40.6861624982124	0.574565972222222	0.118928571428571	0.141487087121642	0.00345652372821238
m4	51	Egg	3	2	0.1	1.47497610187035	0.416550860332926	48.1368512858646	0.711721887550201	0.324833333333333	0.221355570157959	0.171972105474383
m5	51	Egg	3	2	0.1	1.39467277406536	0.291576132874388	41.3151298007953	0.671635536398467	0.276380952380952	0.182671287021613	0.13183927627266
m6	51	Egg	3	2	0.1	1.10276321923654	0.387637192759346	57.2139838423427	0.875604423868313	0.528595238095238	0.248032754403833	0.39472539786447
m7	51	Egg	3	2	0.1	1.01220469317315	0.376221834959197	40.4986812008624	0.890286044973545	0.556809523809524	0.27147308563872	0.441482293258133
m1	52	Egg	3	2	0.1	1.2140863924465	0.551864780661094	63.7469940040967	0.810053294573643	0.459619047619048	0.274451517480674	0.311696394701846
m2	52	Egg	3	2	0.1	1.40652728844363	0.414850353558286	50.7725887417895	0.724040032679739	0.382380952380952	0.215467321016822	0.241727716728425
m3	52	Egg	3	2	0.1	1.85099100443612	0.252402900084252	44.4131112359614	0.421438172043011	0.0755	0.120289003838441	-0.0724726276971404
m4	52	Egg	3	2	0.1	1.32588103503556	0.420492926168737	42.2400652832144	0.710810185185185	0.398952380952381	0.210475809593112	0.222134288570047
m5	52	Egg	3	2	0.1	1.19951669835858	0.368445775815068	38.1427601446873	0.812617041198502	0.441095238095238	0.218440460793034	0.291359420114371
m6	52	Egg	3	2	0.1	1.16781761485746	0.386473037221856	48.7069783965524	0.836193347953216	0.413345238095238	0.259181438727145	0.294778118597647
m7	52	Egg	3	2	0.1	1.35577719812337	0.385633812954315	48.5916737708415	0.712574968434343	0.404690476190476	0.240177154424988	0.266376466411933
m1	53	Egg	3	2	0.1	1.10394272787242	0.40807654788339	44.9435349673633	0.856298449612403	0.531511904761905	0.235278155016847	0.40954582614535
m2	53	Egg	3	2	0.1	1.11118884427689	0.459119684743118	38.9789926300766	0.863427337398374	0.5785	0.27940308982363	0.468106659018653
m3	53	Egg	3	2	0.1	1.74694270433705	0.402690974888431	36.6088462037124	0.590054012345679	0.184952380952381	0.192425058878895	0.0538659792689144
m4	53	Egg	3	2	0.1	1.40768169784703	0.420174461025102	43.321790524772	0.717013888888889	0.325714285714286	0.244951078208112	0.170014899286171
m5	53	Egg	3	2	0.1	1.38149491854777	0.297355589391877	41.3961852085068	0.693383487654321	0.288166666666667	0.196194076364321	0.133346766244328
m6	53	Egg	3	2	0.1	1.06095151264007	0.362639892265291	52.2666669017516	0.880822028423773	0.579404761904762	0.24306251278437	0.451339743006576
m7	53	Egg	3	2	0.1	1.08190070174971	0.313361341289039	34.4986811918175	0.877827978580991	0.558166666666667	0.280896582412858	0.447887625908361
m1	54	Egg	3	2	0.1	1.41205196811767	0.533405445780555	59.57505137068	0.746891339869281	0.48475	0.245341143993475	0.353216347683928
m2	54	Egg	3	2	0.1	1.49801258630426	0.489022555379833	46.2390861331497	0.655506535947712	0.418238095238095	0.246389029784262	0.277302232209496
m3	54	Egg	3	2	0.1	1.97875057921366	0.385573851653747	48.5558905203568	0.489436274509804	0.1205	0.146045036332927	-0.0112007428117268
m4	54	Egg	3	2	0.1	1.6742980429426	0.43551625596098	44.4743961040338	0.62438446969697	0.268833333333333	0.196013224204008	0.0938810413821149
m5	54	Egg	3	2	0.1	1.47903785896528	0.388373961975461	35.3151926236714	0.643881172839506	0.325404761904762	0.194875851784516	0.181715996563257
m6	54	Egg	3	2	0.1	1.10752593914911	0.407043003914139	38.317766228906	0.800729556803995	0.487380952380952	0.263922330769502	0.358485115933258
m7	54	Egg	3	2	0.1	1.20471717551392	0.373805979817156	38.4967659966898	0.775571895424837	0.493952380952381	0.244788185254728	0.336455327231131
m1	55	Egg	3	2	0.1	0.913500118451145	0.346443763307351	48.0001589242002	0.910138888888889	0.555452380952381	0.269941899367448	0.44334652396026
m2	55	Egg	3	2	0.1	1.06022039733997	0.358730280717738	57.5117784547915	0.865046296296296	0.5405	0.253467782271215	0.432138760342502
m3	55	Egg	3	2	0.1	1.81433301303875	0.382126233863591	44.454623633014	0.571371527777778	0.19552380952381	0.183801797732687	0.0547793443376294
m4	55	Egg	3	2	0.1	1.48109636825215	0.461995893120891	56.71208206872	0.745642551892552	0.408714285714286	0.243837964122548	0.252930914969776
m5	55	Egg	3	2	0.1	1.32961950608304	0.327934542181661	41.3961852085068	0.713687657828283	0.299261904761905	0.206404891753767	0.152507405444245
m6	55	Egg	3	2	0.1	0.719535728754652	0.22329262411094	39.819085048143	0.946001221001221	0.686380952380952	0.255137567878189	0.58347728798916
m7	55	Egg	3	2	0.1	0.920911069429785	0.297429661524202	34.4986811834745	0.873531626506024	0.552238095238095	0.244979320547306	0.421824792646865
m1	56	Egg	3	2	0.1	1.09149417360979	0.350452316188823	52.0595426257276	0.90877808988764	0.477404761904762	0.23044677576757	0.345392007402761
m2	56	Egg	3	2	0.1	1.23453590872782	0.334015953831201	51.5998004722199	0.799284887566138	0.414833333333333	0.201994752184836	0.268758623488861
m3	56	Egg	3	2	0.1	1.6762209853431	0.276477661720267	44.1254155676283	0.500205176767677	0.0945952380952381	0.141293290123884	0.00322992530345471
m4	56	Egg	3	2	0.1	1.20457429963292	0.339944331860238	42.1368512521015	0.826258680555556	0.436571428571429	0.231186073582362	0.277804198071493
m5	56	Egg	3	2	0.1	1.26221759474189	0.363232702417801	38.0593971135941	0.773331736909323	0.395666666666667	0.212840075802384	0.253862844707991
m6	56	Egg	3	2	0.1	1.08090555272394	0.310242735975209	47.6744435204476	0.878641493055556	0.47897619047619	0.26031703247598	0.353039291655978
m7	56	Egg	3	2	0.1	1.28133917669172	0.295418285218493	47.3823385710283	0.739827967171717	0.374333333333333	0.209113622930631	0.225890955233514
m1	57	Egg	3	2	0.1	0.902894554025779	0.346957132063812	47.5451774808466	0.894668600562588	0.519928571428571	0.268622929702306	0.398785087024337
m2	57	Egg	3	2	0.1	0.962830833484244	0.34772199606607	36.7301167109821	0.840470679012346	0.527166666666667	0.223062238097566	0.389672559884812
m3	57	Egg	3	2	0.1	1.74524052248622	0.253703645301006	44.7910639624939	0.498651960784314	0.096	0.132956538302714	-0.000223443223443224
m4	57	Egg	3	2	0.1	1.67258293441205	0.369896450707516	55.4981926995396	0.627906976744186	0.22252380952381	0.173284545882833	0.0812825046034936
m5	57	Egg	3	2	0.1	1.59475586919568	0.33803221777959	44.1589966432151	0.636003352490422	0.227333333333333	0.179763530918427	0.0871439722336868
m6	57	Egg	3	2	0.1	0.922108550508733	0.304528707148219	47.6498141195341	0.876130401234568	0.517095238095238	0.21962833181674	0.377852749167495
m7	57	Egg	3	2	0.1	0.910207461783358	0.280962447431875	36.7301167064698	0.86989914021164	0.507309523809524	0.213589069889457	0.364401745756722
m1	58	Egg	3	2	0.1	1.36105655964586	0.487610323059435	63.9442162903402	0.812053001277139	0.409261904761905	0.22333156803408	0.263209906928938
m2	58	Egg	3	2	0.1	1.59980717380736	0.507869140350244	52.0568388512912	0.700904392764858	0.295714285714286	0.198449347264642	0.154886617604779
m3	58	Egg	3	2	0.1	1.8147897804485	0.455023308332053	41.8713239433086	0.549366117571059	0.225857142857143	0.175664171092229	0.0908635187154079
m4	58	Egg	3	2	0.1	1.57060419761139	0.484660613706879	43.4184921209962	0.714616800535475	0.297321428571429	0.196431477451648	0.157929284680903
m5	58	Egg	3	2	0.1	1.24726400248666	0.320002537668201	38.0593971135941	0.788448033707865	0.408666666666667	0.188256219128092	0.263375737318769
m6	58	Egg	3	2	0.1	1.16278157358474	0.343026071118854	64.2182408591166	0.829896723646724	0.453642857142857	0.22612058235079	0.311249229874015
m7	58	Egg	3	2	0.1	1.42883826372939	0.413618343497283	47.5451774785106	0.742052469135802	0.352047619047619	0.22157890287031	0.220321098063789
m1	59	Egg	3	2	0.1	0.961922418348114	0.378511709759209	56.9774799967602	0.866023516414141	0.630619047619048	0.264066035432364	0.518255517072948
m2	59	Egg	3	2	0.1	0.964066179810396	0.388125929473851	52.1126283564121	0.865712803320562	0.646095238095238	0.262728496030146	0.529031243720589
m3	59	Egg	3	2	0.1	1.29320671092418	0.334164241950461	34.0429180902219	0.767229406130268	0.375	0.22965848507475	0.223411386864104
m4	59	Egg	3	2	0.1	1.18877784205369	0.32736281440698	45.4880426647801	0.77172157622739	0.409380952380952	0.212028575250562	0.250424318220029
m5	59	Egg	3	2	1e-04	1.22403976330603	0.311535271586141	37.8328491075635	0.701149425287356	0.301190476190476	0.183342703233133	0.1629462321706
m6	59	Egg	3	2	0.1	0.909553588228524	0.391485646520131	51.9927938069724	0.897387941919192	0.699333333333333	0.24343132568648	0.601348442328372
m7	59	Egg	3	2	0.1	0.911132553635027	0.317209720060343	34.4986811824715	0.894444444444444	0.672904761904762	0.268998084208026	0.572141541089532
m1	60	Egg	3	2	0.1	0.867090651865087	0.397314007967644	60.6705822904126	0.910865514905149	0.652190476190476	0.245334551889755	0.527929216392495
m2	60	Egg	3	2	0.1	0.965143762239926	0.327940827406723	58.0441221227481	0.861510603345281	0.536952380952381	0.200381710458223	0.396451208391581
m3	60	Egg	3	2	0.1	1.88147795804125	0.353070581555858	45.4135099780527	0.408583656330749	0.0795238095238095	0.118803019521773	-0.0472653499881761
m4	60	Egg	3	2	0.1	1.33448568636107	0.482441494857944	51.0334589475487	0.785849719101124	0.428404761904762	0.204421917312225	0.282456533734728
m5	60	Egg	3	2	0.1	1.14838284188984	0.296579336444872	32.0594375716792	0.821251578282828	0.502285714285714	0.21967279086544	0.362251140939117
m6	60	Egg	3	2	0.1	0.608688479189752	0.245027955975652	39.9218804431955	0.969289658634538	0.711142857142857	0.2473557170864	0.619516393686827
m7	60	Egg	3	2	0.1	0.859329859428009	0.322578156102414	35.5451774877927	0.881994645247657	0.539833333333333	0.234411829317348	0.406230948031305
m1	61	Egg	3	2	0.1	0.573086690877895	0.281540232329901	42.000144577115	0.960915242165242	0.748571428571429	0.287689779439556	0.681579485181416
m2	61	Egg	3	2	0.1	0.698063817388683	0.338486722960815	54.9900895974599	0.970553861788618	0.707666666666667	0.266534268479401	0.623724235835376
m3	61	Egg	3	2	0.1	1.52384268398186	0.322725168234147	48.9475591297557	0.592273307790549	0.284380952380952	0.224362074155354	0.130211785014316
m4	61	Egg	3	2	0.1	1.1289565311829	0.306850336468772	50.1755260111245	0.788328313253012	0.4635	0.238973381816073	0.309397668836224
m5	61	Egg	3	2	0	1.15007651007321	0.349767595175185	31.8392065310176	0.715767973856209	0.323214285714286	0.187206292863949	0.187066788766789
m6	61	Egg	3	2	1e-04	0.668182605106415	0.74275059193144	30.7301167068355	0.911987241602067	0.634392857142857	0.233480218943094	0.517912878888866
m7	61	Egg	3	2	1e-04	0.558576624095692	0.71169707843239	30.7301182674588	0.918480392156863	0.692	0.230787944218082	0.596674043554667
m1	62	Egg	3	2	0.1	0.791675074582098	0.418128034791617	48.0001480223515	0.952320261437908	0.724309523809524	0.252325652821521	0.635360060419588
m2	62	Egg	3	2	0.1	0.777980343057897	0.30353170221102	48.1529910683471	0.969019607843137	0.68	0.262808794376816	0.586686197617312
m3	62	Egg	3	2	0.1	1.70957118048535	0.448480391060628	50.3826237226717	0.625993217054264	0.257309523809524	0.202309569223504	0.0950999270317754
m4	62	Egg	3	2	0.1	1.34764468752025	0.445248010951345	42.8892997191752	0.826661706349206	0.467333333333333	0.250688390060919	0.32393600591792
m5	62	Egg	3	2	0.1	1.39870002540345	0.316634162946221	35.3151926236714	0.685658551810237	0.361285714285714	0.18910782538984	0.204877886499316
m6	62	Egg	3	2	1e-04	0.596976128765469	0.955052264822645	36.0001783867467	0.990094627594628	0.8315	0.22408180274397	0.773170672630178
m7	62	Egg	3	2	0.1	0.667812558381978	0.220275104496938	49.642351481615	0.974577476572958	0.708666666666667	0.257326400210798	0.61926376702562
m1	63	Egg	3	2	0.1	0.98690707058463	0.32637452055973	67.6503416711907	0.899787581699346	0.516166666666667	0.240013268899942	0.367162328358213
m2	63	Egg	3	2	0.1	1.18145415746698	0.316379952536658	65.0290833578156	0.792806461352657	0.444	0.2247693336508	0.307056401528356
m3	63	Egg	3	2	0.1	1.83768980843366	0.310725482538954	45.4135099780527	0.419626322751323	0.0917380952380952	0.136072855679326	-0.0601819049417592
m4	63	Egg	3	2	0.1	1.62984131128457	0.520296561213892	52.777797875416	0.697471405228758	0.237	0.188882649926673	0.0614387708624693
m5	63	Egg	3	2	0.1	1.43814746294651	0.271127959312954	41.8784808609228	0.711333489388265	0.31302380952381	0.183268029010541	0.153999118030677
m6	63	Egg	3	2	0.1	0.976401714173159	0.314156214405494	50.7725887375127	0.876291989664083	0.512380952380952	0.273873405769152	0.387632351695432
m7	63	Egg	3	2	0.1	1.0482420414482	0.286652961859957	39.8190850305719	0.818706597222222	0.548023809523809	0.219324817548451	0.406550709919654
m1	64	Egg	3	2	0.1	1.43408932869659	0.441737273394771	69.9655596742852	0.726353377525253	0.425690476190476	0.203134943538586	0.279339791866144
m2	64	Egg	3	2	0.1	1.56282184293811	0.536295160939065	56.7725887460578	0.67042297979798	0.388095238095238	0.240065680026881	0.243227066232483
m3	64	Egg	3	2	0.1	1.9426359002764	0.391805590298987	45.2428572491711	0.418683065595716	0.0782142857142857	0.125848263598989	-0.0510367598368339
m4	64	Egg	3	2	0.1	1.39382259743571	0.4304808527211	56.7187562199862	0.732925061050061	0.389833333333333	0.197542349378506	0.222251731305736
m5	64	Egg	3	2	0.1	1.25195947897985	0.318677848898571	38.0593971135941	0.773645833333333	0.382190476190476	0.214640687227473	0.239914822730959
m6	64	Egg	3	2	0.1	1.28500668801289	0.468229480481917	48.7069783965524	0.779829182630907	0.442452380952381	0.256329225808298	0.312555640662302
m7	64	Egg	3	2	0.1	1.36404842642802	0.394590079581761	48.591673770908	0.72940093708166	0.400452380952381	0.248958915913218	0.259838456898136
m1	65	Egg	3	2	0.1	1.24305699812296	0.461448186457435	63.4014459277923	0.805371966794381	0.470380952380952	0.240361585042552	0.314382165716824
m2	65	Egg	3	2	0.1	1.44226516035948	0.459234108296769	51.819085029922	0.77456304619226	0.420833333333333	0.232204762284034	0.281998264314533
m3	65	Egg	3	2	0.1	1.87436547012244	0.38969804023857	40.6861624982124	0.552355836849508	0.115690476190476	0.127696457591373	-0.0235164392281265
m4	65	Egg	3	2	0.1	1.3045201170178	0.399980650015903	48.2272858463961	0.794188797313797	0.385357142857143	0.220312702675779	0.250835864662585
m5	65	Egg	3	2	0.1	1.23785234893288	0.394624043304629	38.0593971135941	0.811882716049383	0.382880952380952	0.204580524999677	0.250906316843184
m6	65	Egg	3	2	0.1	1.17707310466219	0.453831317303754	57.8714604509707	0.870040246212121	0.459547619047619	0.233783835160309	0.316365344952718
m7	65	Egg	3	2	0.1	1.23481552501331	0.282326867054788	42.7301167287561	0.795179263565891	0.373	0.224455695287569	0.234789389989619
m1	66	Egg	3	2	0.1	0.805227994219324	0.281648984285017	60.2057433765293	0.972604166666667	0.688785714285714	0.228817131599083	0.578623928760787
m2	66	Egg	3	2	0.1	0.963388876624667	0.331284482416947	48.000153056746	0.922184571619813	0.558690476190476	0.278898045063195	0.461270671928683
m3	66	Egg	3	2	0.1	1.69833946245318	0.278586747320198	39.4656472305502	0.571593137254902	0.12402380952381	0.167132275825118	0.015304176564406
m4	66	Egg	3	2	0.1	1.17049050238767	0.491750710369627	49.8720569246743	0.855114700374532	0.553166666666667	0.225146461514712	0.417398974360515
m5	66	Egg	3	2	0.1	1.2447641223494	0.396921144114658	38.0593954243634	0.786410440613027	0.426309523809524	0.228985759382443	0.298626349641787
m6	66	Egg	3	2	0.1	0.772379159362347	0.21308441769175	60.7032878994682	0.987072028423773	0.659642857142857	0.237524900113716	0.557650068264094
m7	66	Egg	3	2	0.1	0.8741173316713	0.276051689826335	57.7334505527435	0.914905149051491	0.632190476190476	0.262227157380474	0.536977511302033
m1	67	Egg	3	2	0.1	0.754089013086734	0.338144199635507	58.7691635850989	0.956724163679809	0.635214285714286	0.243257244998634	0.525449351881743
m2	67	Egg	3	2	0.1	0.936932010427649	0.402636969695046	48.1628260249897	0.911545138888889	0.597547619047619	0.264573931000091	0.496689926577041
m3	67	Egg	3	2	0.1	1.65161316869758	0.329212961483469	37.6047266437879	0.572413793103448	0.151595238095238	0.174506419144765	0.0214602371063472
m4	67	Egg	3	2	0.1	0.903029846287142	0.377624125172672	51.9740154967794	0.951130490956072	0.577380952380952	0.260980813729275	0.463502873150834
m5	67	Egg	3	2	1e-04	0.598954627123172	0.302418375539909	38.415914589092	0.90259109916368	0.563404761904762	0.213307492755324	0.435392026145509
m6	67	Egg	3	2	0.1	0.691190108240555	0.254673171100105	59.4009816968374	0.975845046854083	0.644952380952381	0.243365029294844	0.552322125403434
m7	67	Egg	3	2	0.1	0.814121279758106	0.304534312558766	56.7042753211686	0.956232853223594	0.632	0.246350238390602	0.514804999423766
m1	68	Egg	3	2	0.1	0.892715028060149	0.346375962995772	61.8792420190958	0.894649621212121	0.606428571428571	0.268212873719033	0.490429671580891
m2	68	Egg	3	2	0.1	0.955397936629354	0.324450011500677	51.8190850322311	0.86625	0.568833333333333	0.278420015131883	0.456008236995804
m3	68	Egg	3	2	0.1	1.81013707738032	0.305024958730463	43.0407505238265	0.487960174029451	0.121952380952381	0.1536617126694	0.00267473511143587
m4	68	Egg	3	2	0.1	1.53022155232091	0.378297016145727	45.9559362980841	0.65739914021164	0.29652380952381	0.181204230954814	0.136828772800613
m5	68	Egg	3	2	0	1.10129020027425	0.294855708759775	43.7750216185236	0.764781746031746	0.310833333333333	0.184202034450941	0.199290080692255
m6	68	Egg	3	2	0.1	0.733203623446345	0.245353677598263	46.4986811962139	0.935324872286079	0.699761904761905	0.251220365970474	0.605241976111195
m7	68	Egg	3	2	0.1	0.890454860962675	0.289716105947561	40.498681182374	0.872732843137255	0.587833333333333	0.259195152006733	0.470774931800421
m1	69	Egg	3	2	0.1	1.06357850942524	0.412484000970133	45.9814921671876	0.858474644702842	0.575190476190476	0.234652400391234	0.449085773405193
m2	69	Egg	3	2	0.1	1.12228442248246	0.374310549335156	45.8190850350919	0.84031815245478	0.548738095238095	0.245080424664436	0.413251038782036
m3	69	Egg	3	2	0.1	1.94502210293696	0.515601682779604	40.7990517147462	0.546731029810298	0.127261904761905	0.130870093084272	-0.0063506170729855
m4	69	Egg	3	2	0.1	1.4427304713962	0.376844602224625	39.9559458307615	0.68234126984127	0.347404761904762	0.199529639704006	0.183675439833644
m5	69	Egg	3	2	0	1.08945099196906	0.34995923705171	31.8392065310176	0.743180399500624	0.35	0.21043218847974	0.217379365079365
m6	69	Egg	3	2	0.1	0.946113180196338	0.358353833261569	36.7301167316965	0.862379057428215	0.545	0.199501342436884	0.40120252560826
m7	69	Egg	3	2	0.1	0.946317568287012	0.325488702303634	36.7301167226909	0.895962532299742	0.544404761904762	0.2272930457717	0.415959772255393
m1	70	Egg	3	2	0.1	1.15412080782896	0.595177245611265	48.1967147282287	0.885573743386243	0.619761904761905	0.289101197693946	0.522058106290291
m2	70	Egg	3	2	0.1	1.12346569668594	0.471848082406517	58.547136075296	0.885871647509579	0.662928571428571	0.277442852094098	0.570585185072279
m3	70	Egg	3	2	0.1	1.60675310499488	0.374657466642924	37.0196408314026	0.643521148989899	0.231666666666667	0.181379240079349	0.0805022722655816
m4	70	Egg	3	2	0.1	1.54814802240474	0.392485933682718	52.9191803685123	0.744440049226442	0.246714285714286	0.185041757829016	0.107046983833676
m5	70	Egg	3	2	0.1	1.64665763873685	0.416231662754994	38.1629021650495	0.661498243933589	0.223666666666667	0.177450165822594	0.0859897677457612
m6	70	Egg	3	2	0.1	1.3541888627021	0.61334324560317	41.545177476298	0.76436095505618	0.488333333333333	0.218240849664772	0.337318832523655
m7	70	Egg	3	2	0.1	1.24142211586757	0.483342809412677	35.5451774896302	0.778106725146199	0.484309523809524	0.241892541295966	0.341096270149211
m1	71	Egg	3	2	0.1	0.567700966071393	0.257969551019201	36.1529009480252	0.976160337552743	0.740357142857143	0.278931509406327	0.656128108674727
m3	71	Egg	3	2	0.1	1.31641791798721	0.3680651985488	34.6357042927859	0.718661265432099	0.439952380952381	0.251919855229499	0.282032700703695
m4	71	Egg	3	2	0.1	1.08058906778927	0.338970319212778	35.3036693977892	0.786876673360107	0.447142857142857	0.252488247133983	0.294555594056871
m5	71	Egg	3	2	0	1.08744564215517	0.328057062586007	37.7750414548291	0.755707994579946	0.352404761904762	0.203127670614281	0.231544048946223
m6	71	Egg	3	2	1e-04	0.655672953257451	0.823483602137008	36.7301167117752	0.918334929757344	0.647761904761905	0.230506236140785	0.536084455911131
m7	71	Egg	3	2	1e-04	0.574548755210735	0.616592880169235	30.7301182674588	0.927349537037037	0.680333333333333	0.216716906892112	0.568800285266849
m1	72	Egg	3	2	0.1	1.21684936865269	0.426117536153867	58.576313446343	0.773515325670498	0.48052380952381	0.264865286704844	0.344155718010244
m2	72	Egg	3	2	0.1	1.22905183433654	0.418382890780375	54.7297300260945	0.764182098765432	0.524333333333333	0.23361478936318	0.383212956917668
m3	72	Egg	3	2	0.1	1.84857903877989	0.319326267514396	42.7608368497092	0.507978036175711	0.137166666666667	0.16297003160366	0.00217359022948604
m4	72	Egg	3	2	0.1	1.46753992353143	0.391779876798456	38.4706194534581	0.702310681216931	0.376857142857143	0.185487855451591	0.197435159239299
m5	72	Egg	3	2	0.1	1.46025248699363	0.359356309084122	35.3151926236714	0.678564257028112	0.318952380952381	0.199762771879483	0.192483163992692
m6	72	Egg	3	2	0.1	1.04835004812259	0.379376856287222	44.4230747241301	0.845255930087391	0.553880952380952	0.263258048823348	0.425345388811891
m7	72	Egg	3	2	0.1	0.967965182983697	0.301126171744693	39.6374881455808	0.882008301404853	0.59347619047619	0.271844196272214	0.492099851514005
m1	73	Egg	3	2	0.1	1.26840855776192	0.446093625419951	64.1327586838926	0.79559906291834	0.428595238095238	0.246869702504961	0.285850879727383
m2	73	Egg	3	2	0.1	1.27156661398879	0.413635853875234	60.1694717973336	0.829283707865168	0.433452380952381	0.230155589121225	0.279211524824061
m3	73	Egg	3	2	0.1	1.78731736456785	0.314850622188686	42.7608368497092	0.57343137254902	0.164952380952381	0.175650173208629	0.0156412608657433
m4	73	Egg	3	2	0.1	1.61849865178719	0.40227784318984	47.1408757336347	0.607743863049096	0.291309523809524	0.195818941167747	0.125109370616433
m5	73	Egg	3	2	0.1	1.44086641054607	0.329654257514877	41.3151302879289	0.656044823232323	0.304095238095238	0.209636398976874	0.151752759218669
m6	73	Egg	3	2	0.1	1.04433918398778	0.297552142744946	58.99754457026	0.87781124497992	0.46	0.238712523526586	0.31536746796476
m7	73	Egg	3	2	0.1	1.17592515085875	0.465395111251845	42.7301167312504	0.855846471471471	0.4055	0.211085258916833	0.250380803229791
m1	74	Egg	3	2	0.1	0.961885287968176	0.261067047290473	42.7301167341702	0.885588134430727	0.488809523809524	0.257854798912936	0.340848020400652
m2	74	Egg	3	2	0.1	1.16085369640034	0.400146759519946	55.3312825628983	0.792296810699588	0.452071428571429	0.22860741434497	0.314888459030537
m3	74	Egg	3	2	0.1	1.80266885490501	0.320056547062596	45.3701609316795	0.478729712858926	0.087	0.123627822046004	-0.0206987653151446
m4	74	Egg	3	2	0.1	1.36982449769712	0.254056729723255	47.3895042577388	0.701860119047619	0.271595238095238	0.188244883878352	0.13476231035906
m5	74	Egg	3	2	0	1.12767710374526	0.328848908992001	43.7750216185236	0.751529338327091	0.356547619047619	0.209893628052406	0.222184373289546
m6	74	Egg	3	2	1e-04	0.715830448037095	0.296756015841024	47.4307357069678	0.888341503267974	0.505333333333333	0.220242188904144	0.366221815397395
m7	74	Egg	3	2	0.1	1.11378257513816	0.292424818308213	32.4748185128813	0.803177487080103	0.4555	0.186542993542923	0.309612203311611
m1	75	Egg	3	2	0.1	1.48157084832676	0.388635005236475	53.5451774813495	0.683867821473158	0.289428571428571	0.182256295490523	0.112587354662558
m2	75	Egg	3	2	0.1	1.66470213633906	0.434530264449475	51.3642625084404	0.618272569444444	0.223261904761905	0.184864688475628	0.073419702976751
m3	75	Egg	3	2	0.1	1.96498807142033	0.353004150673911	44.5613535760123	0.45151862026862	0.127833333333333	0.141937352804722	-0.0335837058986541
m4	75	Egg	3	2	0.1	1.52602121726031	0.374416512857463	50.3682867753494	0.643789910600255	0.290166666666667	0.182729261928634	0.116088564137633
m5	75	Egg	3	2	0.1	1.38868689823468	0.288653067578969	41.3961852085067	0.680056673052363	0.26247619047619	0.174354775426065	0.120005154045994
m6	75	Egg	3	2	0.1	1.38575139581118	0.35504987975021	56.5862449608531	0.698203326873385	0.25302380952381	0.173813923590428	0.122639130644234
m7	75	Egg	3	2	0.1	1.44319654689515	0.318470416375903	45.1058909931488	0.647206616729089	0.224833333333333	0.15658918852156	0.0892184332084256
m1	76	Egg	3	2	0.1	1.31126533330303	0.478858719320318	65.4121890465323	0.75547076873385	0.486166666666667	0.273677362127314	0.361765924624544
m2	76	Egg	3	2	0.1	1.22210610934035	0.43670083641001	55.239701601388	0.77045177045177	0.531190476190476	0.250504998553668	0.403772483510938
m3	76	Egg	3	2	0.1	1.95802215902687	0.368978348606968	45.305544587821	0.410943775100402	0.0831666666666667	0.120313260215215	-0.0430700356920169
m4	76	Egg	3	2	0.1	1.8551836812558	0.431140320331362	49.4746936225308	0.565016339869281	0.179666666666667	0.170042907373179	0.025339668881356
m5	76	Egg	3	2	0.1	1.53828758422142	0.332312329635435	38.1629021650495	0.631225775193798	0.264523809523809	0.19426000617434	0.111704116883082
m6	76	Egg	3	2	0.1	1.03056067352542	0.411374215529353	44.4294593831207	0.844728535353535	0.516547619047619	0.284827342064151	0.392692565460568
m7	76	Egg	3	2	0.1	1.0614205451412	0.35400953229904	33.5027070066539	0.829115372474747	0.570880952380952	0.252411547375499	0.443891319748819
m1	77	Egg	3	2	0.1	0.844833008653508	0.40007019021932	42.0001315959659	0.897493224932249	0.613642857142857	0.294436734398459	0.492806139137972
m2	77	Egg	3	2	0.1	0.888308428401164	0.282336502462269	51.5531648771747	0.881748188405797	0.551428571428571	0.210522239602453	0.41378737606667
m3	77	Egg	3	2	0.1	1.6625238020307	0.312275386064691	42.1779169230292	0.577975063131313	0.190357142857143	0.169728076196269	0.044121406892683
m4	77	Egg	3	2	0.1	1.48593172562652	0.489986469404195	51.6016273967948	0.712898516414141	0.401261904761905	0.233276012385763	0.253852256936764
m5	77	Egg	3	2	0.1	1.35400744101914	0.281112459151256	41.3151302879289	0.662419871794872	0.320785714285714	0.203599971558015	0.158108492256419
m6	77	Egg	3	2	0.1	0.841840646501362	0.297564722607708	41.54517748698	0.903631864623244	0.566833333333333	0.243499103196068	0.434694873352262
m7	77	Egg	3	2	0.1	0.909714078279545	0.292073092745891	36.7301167064698	0.869724589646465	0.508785714285714	0.205764154242254	0.358392523681679
m1	78	Egg	3	2	0.1	0.594370811746559	0.250930703573633	53.7802706220625	0.981736909323116	0.736833333333333	0.239455339646641	0.649627219496078
m2	78	Egg	3	2	0.1	0.682000309095881	0.260949491933514	42.1814122480799	0.948950617283951	0.71247619047619	0.250446844069903	0.613571676612749
m3	78	Egg	3	2	0.1	1.32229670625397	0.368517458191201	34.2329771114953	0.733500957854406	0.42047619047619	0.233219190504903	0.272820005285887
m4	78	Egg	3	2	0.1	1.14041409141367	0.338708077298747	35.2287979103993	0.793660130718954	0.416119047619048	0.235100418463031	0.260558096296317
m5	78	Egg	3	2	0	1.05464387586563	0.271691971018546	37.8372824315346	0.760400132275132	0.360619047619048	0.183621058180071	0.23380208855472
m6	78	Egg	3	2	0.1	0.665947803822612	0.267423240877687	40.4986812018924	0.906445561941252	0.715642857142857	0.260783215611723	0.624863851939753
m7	78	Egg	3	2	0.1	0.679956246675248	0.247764655049098	34.4986811846887	0.916982677902622	0.749166666666667	0.264228914375242	0.674393266865591
m1	79	Egg	3	2	0.1	1.18194438532285	0.479553699405792	58.9570814279376	0.819571078431373	0.507119047619048	0.277743039468749	0.380980093806203
m2	79	Egg	3	2	0.1	1.35674834460058	0.380337394318827	55.1173161506792	0.714188762626263	0.463261904761905	0.227702536959365	0.314636395107251
m3	79	Egg	3	2	0.1	1.78909143001486	0.320133261690217	41.8713239433086	0.54165469348659	0.219166666666667	0.173146347602226	0.0608754953455498
m4	79	Egg	3	2	0.1	1.62432476520513	0.431700570380288	44.3682868258718	0.632646604938272	0.241095238095238	0.175520553410048	0.0873589870101163
m5	79	Egg	3	2	0.1	1.40023735772276	0.305822464500868	35.4047462873007	0.676143292682927	0.321285714285714	0.201094095046684	0.18092355688059
m6	79	Egg	3	2	0.1	0.994504419035039	0.389993467760085	38.4293893728309	0.868289728682171	0.579333333333333	0.278827511456063	0.460051373544411
m7	79	Egg	3	2	0.1	1.11101627045342	0.380147472725361	33.5027070066539	0.81546160130719	0.531904761904762	0.262255875538251	0.404077801895168
m1	80	Egg	3	2	0.1	1.37671347703532	0.44244512934873	59.7658493799109	0.69296568627451	0.375166666666667	0.25190068723399	0.211128704606486
m2	80	Egg	3	2	0.1	1.37113767640779	0.506086593968683	55.5605314947844	0.719005187416332	0.400047619047619	0.202820866983462	0.245220990152346
m3	80	Egg	3	2	0.1	1.79365205713867	0.337690301936078	43.5167926235799	0.495727996254682	0.175452380952381	0.157422716019056	0.0161427419859287
m4	80	Egg	3	2	0.1	1.8396058748519	0.421362521004066	48.8217079380666	0.533121612466125	0.173595238095238	0.157194991497605	0.00407594483807403
m5	80	Egg	3	2	0.1	1.56151352048199	0.436921367421797	38.1629021650495	0.676955619412516	0.277595238095238	0.170923476610153	0.12881087354175
m6	80	Egg	3	2	0.1	1.05693181533814	0.372244672049334	46.6484886694509	0.833862241602067	0.492107142857143	0.226102021576792	0.353331286787878
m7	80	Egg	3	2	0.1	1.10933912280448	0.314220192730343	36.2639642094966	0.804740168539326	0.473083333333333	0.227472248279595	0.342023771565562
m1	81	Egg	3	2	0.1	1.69519935904754	0.488863260726275	71.7781551826888	0.622561369509044	0.304261904761905	0.204119739536478	0.161662523085195
m2	81	Egg	3	2	0.1	1.71726819675543	0.470811086703772	59.5451774987189	0.615744731800766	0.307666666666667	0.229885786310234	0.165142930494094
m3	81	Egg	3	2	0.1	1.95754957882024	0.340431598481785	45.2428519798905	0.402906976744186	0.0648333333333333	0.110982122097952	-0.0795824894210891
m4	81	Egg	3	2	0.1	1.77056102978879	0.346549431787481	52.6355324465832	0.586235119047619	0.20002380952381	0.16294248226062	0.051564545357766
m5	81	Egg	3	2	0.1	1.44954974551927	0.324389854729682	47.3151286117317	0.679143518518519	0.282690476190476	0.206270063355361	0.154678689214058
m6	81	Egg	3	2	0.1	1.46785398734888	0.479972274381759	56.3177662151934	0.721239076154807	0.333952380952381	0.244860971748188	0.197282372617297
m7	81	Egg	3	2	0.1	1.45343819118497	0.39748563234427	50.3177662277445	0.691319444444444	0.334666666666667	0.245505959615056	0.199433310565304
m1	82	Egg	3	2	0.1	0.923323076231109	0.347011520803732	42.193901534208	0.945130906768838	0.635476190476191	0.233765465500314	0.526255528548389
m2	82	Egg	3	2	0.1	1.11360273599257	0.314009638006721	36.8981921289793	0.81708257020757	0.502666666666667	0.209345621462665	0.365082873516529
m3	82	Egg	3	2	0.1	1.7079258739933	0.227071378833076	44.1254155676283	0.487606209150327	0.110761904761905	0.122025985151712	0.000168816690555821
m4	82	Egg	3	2	0.1	1.5723934474037	0.662710375102836	42.2801336528192	0.718265503875969	0.314	0.183382607397341	0.148828080045613
m5	82	Egg	3	2	0.1	1.51486728971567	0.474041627272308	41.8784808609228	0.707523148148148	0.322904761904762	0.201949935728931	0.171235633176396
m6	82	Egg	3	2	0.1	1.00503641332256	0.331779823424351	40.4986811829357	0.934725996376812	0.5655	0.252053908597955	0.446840988275421
m7	82	Egg	3	2	0.1	1.03411860592595	0.337946335562346	44.1120692098485	0.842420848267622	0.531547619047619	0.209262751956423	0.392251925474499
m1	83	Egg	3	2	0.1	1.51244222798383	0.465393230717087	66.4017689698937	0.656013257575758	0.345857142857143	0.20198022744062	0.173288307781875
m2	83	Egg	3	2	0.1	1.73952882683607	0.553497439156549	68.5367870299407	0.61752700617284	0.276095238095238	0.19196237186349	0.118526645937005
m3	83	Egg	3	2	0.1	2.02814079649907	0.333631625276745	46.7725276073408	0.357335992907801	0.0421666666666667	0.0895948919800194	-0.0795294495927488
m4	83	Egg	3	2	0.1	1.69509896684774	0.377885583355862	53.1408755361243	0.567616298527443	0.193333333333333	0.152531941789231	0.0353304447181552
m5	83	Egg	3	2	0.1	1.46587336173365	0.388898372054961	41.3151298007953	0.671812578027466	0.232714285714286	0.203377880137513	0.0925427048892828
m6	83	Egg	3	2	0.1	1.41269541628219	0.398469753611176	46.5492017330332	0.720167483660131	0.330190476190476	0.179916174418669	0.170705821918683
m7	83	Egg	3	2	0.1	1.43049696006379	0.390041465482012	46.5492017342401	0.677426470588235	0.302857142857143	0.223279027006889	0.147071407044064
m1	84	Egg	3	2	0.1	1.49993305817242	0.419132679007024	55.0489582845098	0.698989898989899	0.30997619047619	0.231946506174511	0.158711758490344
m2	84	Egg	3	2	0.1	1.53635984872395	0.413690064418967	44.5115657128872	0.655956196581197	0.335833333333333	0.209408002617008	0.183606275959097
m3	84	Egg	3	2	0.1	1.62311885332817	0.377580628708146	39.6976546530918	0.655342202141901	0.274619047619048	0.208635140422456	0.122843534715684
m4	84	Egg	3	2	0.1	1.53555254863219	0.368494304678368	52.1067892164317	0.707211845466156	0.321833333333333	0.209372090495221	0.164280313278233
m5	84	Egg	3	2	0.1	1.41572710639249	0.348514634939593	41.3961852085067	0.668994341563786	0.26152380952381	0.197996307667989	0.119577804978252
m6	84	Egg	3	2	0.1	1.38647324741967	0.303420393464094	45.1624187965877	0.692849644702842	0.253238095238095	0.16489004295262	0.120090041739867
m7	84	Egg	3	2	0.1	1.5610884562439	0.356785221315338	54.5355078736271	0.614407630522088	0.222309523809524	0.176481648760838	0.101119812711025
m1	85	Egg	3	2	0.1	1.12013417036177	0.334213978213668	59.9181018668079	0.83230024005487	0.463738095238095	0.273761284622819	0.322667704465559
m2	85	Egg	3	2	0.1	1.31007593482995	0.281747369640645	56.1386778809443	0.794321895424837	0.3895	0.227742980936131	0.249845385231522
m3	85	Egg	3	2	0.1	1.72618342017831	0.397372276000711	40.6862192397196	0.545506535947712	0.179785714285714	0.197544563986862	0.0255814555216476
m4	85	Egg	3	2	0.1	1.4626689270584	0.373300230086261	57.995903325917	0.690517526455027	0.267666666666667	0.188797066213961	0.124190147719816
m5	85	Egg	3	2	0.1	1.36799288668756	0.331174249327996	41.3151298007953	0.692986111111111	0.292607142857143	0.192496076400123	0.132630451644796
m6	85	Egg	3	2	0.1	1.21412872454963	0.345259318215548	42.2174799993732	0.815612887596899	0.393142857142857	0.222637027822692	0.261475132429454
m7	85	Egg	3	2	0.1	1.33107139028702	0.262094310055591	38.05939702944	0.770072565543071	0.292833333333333	0.192948865948809	0.14320540043241
m1	86	Egg	3	2	0.1	1.07907204396945	0.396589518801562	67.5558930343827	0.878043981481481	0.566880952380952	0.232109979048407	0.437152075931968
m2	86	Egg	3	2	0.1	1.18618483407138	0.465418242813551	58.3756066022698	0.894048772609819	0.500714285714286	0.23854322933174	0.377355418392021
m3	86	Egg	3	2	0.1	1.6605431349689	0.435485208100744	38.4547829728921	0.605605709876543	0.310642857142857	0.216325457190887	0.155054887954659
m4	86	Egg	3	2	0.1	1.24597351556858	0.32002730505714	55.1354731961918	0.794300384160757	0.404309523809524	0.19100236817218	0.24276962313754
m5	86	Egg	3	2	0.1	1.24336601138449	0.334195142907353	38.1427601446873	0.788372093023256	0.374047619047619	0.199849201034152	0.224731968466297
m6	86	Egg	3	2	0.1	0.931379148192378	0.368384461730951	57.3537342718748	0.887181712962963	0.55975	0.273533368435346	0.427887867354577
m7	86	Egg	3	2	0.1	1.14951478492706	0.475621504769249	36.7301167201561	0.850753726287263	0.489452380952381	0.247455095896639	0.362036044040015
m1	87	Egg	3	2	0.1	1.22066252650952	0.432759167155732	59.057297955393	0.814615633074935	0.471166666666667	0.285035046184344	0.339927361617536
m2	87	Egg	3	2	0.1	1.33177208955222	0.392694384438007	46.8399537531341	0.808852074966533	0.402130952380952	0.239173023258535	0.253473874656477
m3	87	Egg	3	2	0.1	1.71422414324702	0.343823685060933	40.7581367571753	0.556476098191214	0.201809523809524	0.199517880157701	0.0588851217699481
m4	87	Egg	3	2	0.1	1.29159273364356	0.335073087628065	51.9184215792234	0.743523720349563	0.35652380952381	0.228930048755625	0.210121426783312
m5	87	Egg	3	2	0	1.11943512276226	0.333211732273836	43.7750216185236	0.736831275720165	0.346619047619048	0.218357231245094	0.221970715417007
m6	87	Egg	3	2	0.1	1.22504727069604	0.372697809263984	54.6941184703628	0.796887550200803	0.472595238095238	0.23782969680177	0.330072887252862
m7	87	Egg	3	2	0.1	1.26534464347976	0.361803255143105	39.502705460105	0.776492228835979	0.434333333333333	0.276672751545597	0.316257631071917
m1	88	Egg	3	2	0.1	1.16266589800618	0.533349725580837	61.526438021145	0.864240102171137	0.528666666666667	0.261192551236724	0.389336258307775
m2	88	Egg	3	2	0.1	1.23757459444797	0.388125218241154	63.9066779880673	0.841141795865633	0.502595238095238	0.232826282762455	0.371376240821468
m3	88	Egg	3	2	0.1	1.83428408254936	0.412125793069815	42.9535121063925	0.528748421717172	0.169690476190476	0.164333234094723	0.0532292901829237
m4	88	Egg	3	2	0.1	1.37703050500277	0.398851807901157	57.0821093286031	0.740929783950617	0.356809523809524	0.211725126663943	0.209181883732835
m5	88	Egg	3	2	0.1	1.34730807798038	0.304264503552961	41.3961852085068	0.707794943820225	0.284571428571429	0.175734065582833	0.128431439082956
m6	88	Egg	3	2	0.1	1.00405839985306	0.369113669445989	51.1462957614032	0.87747299382716	0.480547619047619	0.227618477813894	0.32882251637998
m7	88	Egg	3	2	0.1	1.02344750413876	0.330938249704543	53.398586410812	0.869468390804598	0.472940476190476	0.205839909776204	0.32044246971749
m1	89	Egg	3	2	0.1	0.680207620159255	0.271014704523066	55.3877589745408	0.912160947712418	0.715166666666667	0.28356689719568	0.640066349825451
m2	89	Egg	3	2	0.1	0.754189457278007	0.25772135494376	39.8190850405568	0.914169973544974	0.689547619047619	0.264432875711188	0.591074508135392
m3	89	Egg	3	2	0.1	1.6542546606731	0.396243299861811	39.6977780664532	0.594533096926714	0.283619047619048	0.193923612616352	0.112582235570658
m4	89	Egg	3	2	0.1	1.36357265172771	0.285525095115875	45.9559363702	0.682226080246914	0.316166666666667	0.170024343011848	0.142161744813195
m5	89	Egg	3	2	1e-04	1.16374507620048	0.304632317531541	37.8328495433813	0.733220284237726	0.323738095238095	0.198275119689847	0.17601806844612
m6	89	Egg	3	2	0.1	0.629259207597687	0.201968127812253	34.4986811982435	0.923463441890166	0.724166666666667	0.234309825393845	0.634243790648054
m7	89	Egg	3	2	0.1	0.674080480287593	0.257356694478959	28.4986821939088	0.919211691086691	0.748	0.23457198885918	0.671761835490228
m1	90	Egg	3	2	0.1	1.47493373561189	0.396952738440481	65.5889115520384	0.728226435705368	0.398666666666667	0.198785312457771	0.240548936200617
m2	90	Egg	3	2	0.1	1.53196533069448	0.482803426426608	62.067785941311	0.665210700757576	0.416119047619048	0.256918928516283	0.265492378680172
m3	90	Egg	3	2	0.1	1.99082571598122	0.330827640540381	53.683177945608	0.402246732026144	0.0718333333333333	0.122833526353388	-0.0616255121689904
m4	90	Egg	3	2	0.1	1.64216414491209	0.364694181753056	52.6355324489489	0.602039930555556	0.221833333333333	0.19109209436626	0.080491239025615
m5	90	Egg	3	2	0.1	1.31516484955529	0.257953711312366	41.3961852085068	0.69673225308642	0.325047619047619	0.16971630309713	0.157015607691844
m6	90	Egg	3	2	0.1	1.25546518606785	0.36677938747829	44.3177662282053	0.804115948813983	0.43752380952381	0.257960398494006	0.305193858988255
m7	90	Egg	3	2	0.1	1.26487130331867	0.373068932125031	39.502705460105	0.776719576719577	0.442690476190476	0.243493694388656	0.312087850020909
m1	91	Egg	3	2	0.1	0.846334810694134	0.471162222063023	48.0001702384723	0.929000946969697	0.662166666666667	0.265156233724248	0.553469271344228
m2	91	Egg	3	2	0.1	0.729357661420353	0.354578115976962	42.1695224036915	0.963374330655957	0.671547619047619	0.272480173243708	0.582004851524183
m3	91	Egg	3	2	0.1	1.83024455443269	0.301815210170845	49.03364928426	0.422270114942529	0.0743095238095238	0.0993873068233497	-0.0507216943947099
m4	91	Egg	3	2	0.1	1.60783513844032	0.565684659362857	43.4443540164411	0.667772190293742	0.288690476190476	0.19324804207915	0.11823201028781
m5	91	Egg	3	2	0.1	1.44502794856604	0.36304132928495	35.8785387194619	0.737291666666667	0.303833333333333	0.200782070800922	0.172786045724111
m6	91	Egg	3	2	0.1	0.697933696506087	0.263579509290415	42.1354818310509	0.971707375478927	0.724142857142857	0.230678127181615	0.644511159145215
m7	91	Egg	3	2	1e-04	0.593854638459379	0.673279756156589	49.642351481615	0.9783843708166	0.7625	0.228162305961369	0.677916714980974
m1	92	Egg	3	2	0.1	1.20901785123734	0.437053072887586	45.9934719174875	0.799367283950617	0.4535	0.206764056014841	0.289118384953161
m2	92	Egg	3	2	0.1	1.20402087224265	0.350058376645192	46.0263863188004	0.834276871980676	0.478119047619048	0.217626855842902	0.324264399809105
m3	92	Egg	3	2	0.1	1.846534685608	0.37176995542424	42.7608368497092	0.522305890227577	0.146928571428571	0.161665604070065	0.00345991730401476
m4	92	Egg	3	2	0.1	1.54689343970413	0.389971566093264	41.1408898802028	0.623615056818182	0.312666666666667	0.177653365557908	0.141975962030596
m5	92	Egg	3	2	0.1	1.41421558414289	0.350722945530093	35.3151926236714	0.68348327020202	0.3345	0.204223846181209	0.189404000360926
m6	92	Egg	3	2	0.1	1.21675434297384	0.554690619102385	53.0272116362235	0.811297123015873	0.457928571428571	0.221822732806736	0.291369138506778
m7	92	Egg	3	2	0.1	1.1155715781302	0.394765939917351	41.5451774777959	0.831497445721584	0.475714285714286	0.219627189850931	0.334267459415855
m1	93	Egg	3	2	0.1	1.25187183837892	0.459192632175308	63.7378213957895	0.837511837121212	0.505261904761905	0.242150717613104	0.369707877178977
m2	93	Egg	3	2	0.1	1.33544003643586	0.407548976875172	65.7438674658914	0.818927385265701	0.4495	0.213986562336253	0.305947444372876
m3	93	Egg	3	2	0.1	1.75323598365511	0.310492028981096	40.4541543100604	0.52567077020202	0.15327380952381	0.180314117550134	0.011265457036826
m4	93	Egg	3	2	0.1	1.7177005248977	0.39886160017642	48.8474125514761	0.642463235294118	0.172714285714286	0.164308340663268	0.0199373722430696
m5	93	Egg	3	2	0.1	1.48525558077929	0.413035616532456	37.6046672467358	0.705454119850187	0.25802380952381	0.171130578141256	0.0938257848928565
m6	93	Egg	3	2	0.1	1.241955546236	0.495537480206957	58.0055371508971	0.8390705749354	0.472166666666667	0.249470383147208	0.322351697028783
m7	93	Egg	3	2	0.1	1.29012125057296	0.363071138840863	45.8190850427418	0.802746566791511	0.417595238095238	0.246971369399756	0.300246071755736
m1	94	Egg	3	2	0.1	1.51890854157428	0.461442432203132	65.586598010599	0.722802241161616	0.38747619047619	0.234241691762262	0.242684802808142
m2	94	Egg	3	2	0.1	1.50673410151819	0.438120021129723	62.1840364077533	0.697405586766542	0.366714285714286	0.240457254503791	0.230524142206636
m3	94	Egg	3	2	0.1	1.94458606812843	0.339514050613396	48.6962672114791	0.430371485943775	0.082952380952381	0.107872147860415	-0.0477172203493459
m4	94	Egg	3	2	0.1	1.80975641411525	0.446767171735092	46.732471797585	0.637237357549858	0.172095238095238	0.172778767062798	0.0281533499720794
m5	94	Egg	3	2	0.1	1.5847785754347	0.347003350535579	44.1589966432151	0.637025316455696	0.229547619047619	0.173338954274601	0.0862824655115062
m6	94	Egg	3	2	0.1	1.32060251672617	0.336921344609159	52.6557528649064	0.730563922356091	0.367642857142857	0.197828894362287	0.205960318929257
m7	94	Egg	3	2	0.1	1.26633067898048	0.349953826034852	42.1368512876551	0.753394194756554	0.392285714285714	0.210736227161655	0.249799172793529
m1	95	Egg	3	2	0.1	1.37629715777606	0.494992799223626	47.7022499751071	0.778375322997416	0.383428571428571	0.228676352781493	0.230040407585034
m2	95	Egg	3	2	0.1	1.47246145880192	0.473867305554548	41.7612241210921	0.735731209150327	0.391833333333333	0.223123110768299	0.223909774185173
m3	95	Egg	3	2	0.1	1.89453623929273	0.381287052268742	39.6976499438738	0.510368217054264	0.1785	0.153545728317736	0.0344374696928063
m4	95	Egg	3	2	0.1	1.68796594273911	0.326814344096047	51.1058910018704	0.586480309423347	0.198261904761905	0.184968735422155	0.0636434306157568
m5	95	Egg	3	2	0.1	1.39251824033683	0.261584870532354	47.3973376104408	0.652919823232323	0.291119047619048	0.205985875880663	0.154288339213915
m6	95	Egg	3	2	0.1	1.19623342932585	0.427628473011052	47.719231434705	0.83202066395664	0.467666666666667	0.24404029951834	0.312917666083061
m7	95	Egg	3	2	0.1	1.34034765448632	0.412158153543911	36.9680218878492	0.767919146825397	0.405785714285714	0.213822452315206	0.262104634640148
m1	96	Egg	3	2	0.1	0.943523833146859	0.395917335858926	67.0490504664777	0.922413194444444	0.578714285714286	0.270997188909072	0.450883806392342
m2	96	Egg	3	2	0.1	1.22730319060954	0.344240875169008	45.0157131779352	0.786957215836526	0.433833333333333	0.226095723299394	0.286468840699061
m3	96	Egg	3	2	0.1	1.64805007321323	0.369337382087939	41.9070850857218	0.555489417989418	0.211	0.183359655288261	0.0717434202158454
m4	96	Egg	3	2	0.1	1.35957947673649	0.477018498855218	56.04270989749	0.769179151061174	0.420333333333333	0.193592361018375	0.269621479926285
m5	96	Egg	3	2	0.1	1.28491106723046	0.329229058360498	44.0593947359436	0.779391571969697	0.419452380952381	0.196373665566676	0.285048872185603
m6	96	Egg	3	2	0.1	0.866162575332778	0.259346718128182	61.7821972659953	0.912741013071895	0.618	0.253645474897596	0.489287687814635
m7	96	Egg	3	2	0.1	1.01114977308583	0.340063627703626	39.8190850305719	0.83140342377261	0.512214285714286	0.260501434083973	0.381675350699204
m1	97	Egg	3	2	0.1	1.08085931846765	0.322261312174995	47.54517747818	0.832556960049938	0.444119047619048	0.20925018618339	0.299794963985101
m2	97	Egg	3	2	0.1	1.10481649919308	0.363683261393152	59.1020541128903	0.827542162698413	0.437630952380952	0.235147633140316	0.291469336338708
m3	97	Egg	3	2	0.1	1.8011590360378	0.333856909689469	49.2096055619916	0.481072530864198	0.104595238095238	0.122474606362301	-0.0151558062920705
m4	97	Egg	3	2	0.1	1.51898138114408	0.349259517805372	51.2243803607087	0.636151021711367	0.25202380952381	0.220556365587264	0.0993878601920695
m5	97	Egg	3	2	0.1	1.42076837177424	0.292454180131583	47.3151286117317	0.654679232804233	0.286547619047619	0.200799888968797	0.139776675013516
m6	97	Egg	3	2	0.1	1.10121216197175	0.341258080960965	57.3155565258153	0.822395833333333	0.4535	0.207514043538382	0.301913085345348
m7	97	Egg	3	2	0.1	1.02274073849864	0.296592015158357	53.398586410812	0.845265522875817	0.458333333333333	0.189687369751396	0.314268548947426
m1	98	Egg	3	2	0.1	1.27397112573112	0.431103714919006	69.7596310381287	0.817941176470588	0.426404761904762	0.210610918630172	0.276001002781895
m2	98	Egg	3	2	0.1	1.25260223534079	0.421988999274527	51.8190850356581	0.812034493284493	0.4965	0.228132207617946	0.345783846375472
m3	98	Egg	3	2	0.1	1.87966950543212	0.379270780937449	40.6861624982124	0.549857764390897	0.1605	0.157699066296101	0.0239607981140321
m4	98	Egg	3	2	0.1	1.57709148428651	0.333142276846246	58.778768512088	0.664737215909091	0.25902380952381	0.175708261699175	0.101523164890844
m5	98	Egg	3	2	0.1	1.40030309181737	0.30981346925947	41.3151298007953	0.666526217228464	0.284261904761905	0.212691653906097	0.136951410027337
m6	98	Egg	3	2	0.1	1.13380189522944	0.387386765054534	58.823918748179	0.840786773989899	0.442309523809524	0.201957329038188	0.281630775211631
m7	98	Egg	3	2	0.1	1.18276089071089	0.396065073602665	42.7301167312504	0.838809067688378	0.3935	0.219770503193841	0.251511448360524
m1	99	Egg	3	2	0.1	1.17645751002471	0.408292411851727	63.4556483834877	0.797518150252525	0.580071428571429	0.2358840699664	0.452769215730651
m2	99	Egg	3	2	0.1	1.36903423906793	0.509763957936039	55.5605314947844	0.706349776500639	0.397083333333333	0.215492724233397	0.24509195878661
m3	99	Egg	3	2	0.1	1.86745764600793	0.346799659773375	43.5167980618077	0.470356912144703	0.157119047619048	0.145771340299989	0.0116273282421233
m4	99	Egg	3	2	0.1	1.39858593776748	0.49288327875925	56.0813023808116	0.749500338753388	0.356190476190476	0.21355629153436	0.210481374313963
m5	99	Egg	3	2	0.1	1.19706913666268	0.340488000531233	38.1427601446873	0.796106429463171	0.424738095238095	0.224286918060227	0.266954192677654
m6	99	Egg	3	2	0.1	1.00795014777887	0.392527178367989	44.4154232388147	0.861670054200542	0.5015	0.264885667494825	0.364678766424389
m7	99	Egg	3	2	0.1	1.16083733690647	0.421615260385661	36.1368528530051	0.775772569444444	0.457261904761905	0.248110054267934	0.321567184966309
m1	100	Egg	3	2	0.1	1.35120432643041	0.472437351887886	60.2925058786276	0.739966066919192	0.468261904761905	0.272379635302587	0.32850664550031
m2	100	Egg	3	2	0.1	1.52817763205839	0.551359002547503	62.069530072099	0.731331447187929	0.405571428571429	0.241131724536283	0.268689220317772
m3	100	Egg	3	2	0.1	1.94185568331164	0.359790610530422	45.2428537698329	0.394401041666667	0.0778333333333333	0.119319408363104	-0.0618881995720736
m4	100	Egg	3	2	0.1	1.63488344389363	0.407067001749343	48.8669680060107	0.599153895274585	0.248261904761905	0.183892924515452	0.101589953515437
m5	100	Egg	3	2	0	1.21271727543496	0.543735229129516	43.7750216184987	0.737946428571429	0.318952380952381	0.183082172742801	0.190403585303585
m6	100	Egg	3	2	0.1	1.25322898961346	0.398951804555774	54.6941184703628	0.771018518518519	0.444452380952381	0.24529915951948	0.307934394121979
m7	100	Egg	3	2	0.1	1.25915300735332	0.361807106010597	39.502705460105	0.783305713383838	0.456	0.240796005052789	0.312946259299391
