Model	Iteration	Variable	Subsampled	MinObs	decay	logLoss	logLossSD	AIC	AUC	Accuracy	AccuracySD	Kappa
m1	1	Egg	2	2	0.1	0.922626920459189	0.24801059604491	73.9599680557491	0.898780487804878	0.493309523809524	0.257581772941994	0.412134624889158
m2	1	Egg	2	2	1e-04	0.394688204794576	0.191575861253231	65.7307163540175	0.97479674796748	0.5065	0.246944231402801	0.418620582316235
m3	1	Egg	2	2	0.1	1.60332314991271	0.20215490061609	54.5610293364934	0.731395348837209	0.144166666666667	0.156156397328086	0.0686258059928137
m4	1	Egg	2	2	0.1	1.30711242487409	0.348593434536031	74.2955572808305	0.879385964912281	0.349714285714286	0.240887018760888	0.27470641376334
m5	1	Egg	2	2	0.1	1.80078488271127	0.38547709100376	62.4509799104219	0.748936170212766	0.204095238095238	0.182048740644684	0.117901666097721
m6	1	Egg	2	2	1e-04	0.849029312765373	0.835787046172605	63.8190850342605	0.931159420289855	0.555119047619048	0.23236721561643	0.470797909674271
m7	1	Egg	2	2	0	0.291316843692186	0.159900976767727	72.5643862644932	0.96869918699187	0.572166666666667	0.238413374518441	0.485703669752407
m1	2	Egg	2	2	0.1	1.21538399811661	0.466402507461218	70.9537166826002	0.81984126984127	0.428595238095238	0.259633003448203	0.340282903564698
m2	2	Egg	2	2	0.1	1.31700590574801	0.392572561510496	57.6381700678351	0.81984126984127	0.397095238095238	0.228491142505438	0.310522596861791
m3	2	Egg	2	2	0	1.48796665729993	0.238455136362826	47.833318375757	0.749305555555556	0.129833333333333	0.146724334392869	0.0549812951190932
m4	2	Egg	2	2	0.1	1.41211054786975	0.461826381909569	66.746800682626	0.832222222222222	0.410785714285714	0.265749999539426	0.327948422698854
m5	2	Egg	2	2	0.1	1.75401853690925	0.391993822344917	62.4509799104219	0.752450980392157	0.221857142857143	0.184169081369638	0.136586879545804
m6	2	Egg	2	2	0.1	1.32295465509001	0.457056301305842	57.6381700837453	0.820138888888889	0.457214285714286	0.2366191510017	0.366076922376361
m7	2	Egg	2	2	0.1	1.19521911752644	0.374036014852258	57.6381700740619	0.866260162601626	0.430785714285714	0.232265881734012	0.346071846951003
m1	3	Egg	2	2	0	4.74536259337375e-06	6.23456282891359e-06	75.5631477294849	1	0.706	0.274480633936686	0.649817417876241
m2	3	Egg	2	2	0	0.335644330335092	0.154168951767893	71.02567210524	0.964473684210526	0.560833333333333	0.22107889114074	0.468026459350401
m3	3	Egg	2	2	0	1.48139478041924	0.218417727328556	47.833318375757	0.762878787878788	0.134761904761905	0.147382624994297	0.0597766721631914
m4	3	Egg	2	2	0	0.295430664035669	0.15746120839412	45.8372286680096	0.968333333333333	0.54552380952381	0.247497213524698	0.461214999334833
m5	3	Egg	2	2	0	1.0084987019925	0.230808445217913	48.9319535942226	0.854513888888889	0.26152380952381	0.18830706954468	0.169405535118843
m6	3	Egg	2	2	0	4.96764647574968e-06	5.33207986873123e-06	77.0931219703758	1	0.713571428571429	0.260448859069782	0.654357564082047
m7	3	Egg	2	2	0	0.304327055802282	0.218470854229171	72.5643862644932	0.976041666666667	0.570952380952381	0.26593988089008	0.499754420437935
m1	4	Egg	2	2	0.1	1.14333610491938	0.463742287731085	70.3120540960232	0.873423423423423	0.438988095238095	0.240450851786073	0.350292969433492
m2	4	Egg	2	2	0.1	1.27083807666987	0.558383173135035	57.6381700678351	0.85125	0.417166666666667	0.231903447051157	0.344463067516456
m3	4	Egg	2	2	0	1.47776698420431	0.23271973843002	47.833318375757	0.751360544217687	0.131833333333333	0.152091571890686	0.0595377768527158
m4	4	Egg	2	2	0.1	1.23874380904974	0.361745604471811	57.6381700667282	0.866981132075472	0.437047619047619	0.218395027222315	0.347779392213987
m5	4	Egg	2	2	0.1	1.55097895168085	0.307862274211224	54.3682868191778	0.804398148148148	0.288	0.185230162888085	0.208675482603913
m6	4	Egg	2	2	0.1	1.31470816871971	0.451692877719197	57.6381700640783	0.833148148148148	0.46	0.26681393240048	0.38253746983498
m7	4	Egg	2	2	0.1	1.31136215016131	0.435982652664396	57.6381700740619	0.827898550724638	0.410666666666667	0.245451179276422	0.331150898073409
m1	5	Egg	2	2	0.1	1.0909475868195	0.420407923822768	70.3120540960232	0.880740740740741	0.4745	0.257038462187609	0.395022988317818
m2	5	Egg	2	2	0.1	1.25570487792599	0.309911858102444	57.6381700955904	0.84375	0.406166666666667	0.238184950630955	0.329003078336838
m3	5	Egg	2	2	0	1.46515188559645	0.229389398331099	47.833318375757	0.782608695652174	0.126535714285714	0.147724354496721	0.0612812385481482
m4	5	Egg	2	2	0.1	1.31405096582545	0.308361011659483	57.6381700667282	0.832407407407407	0.415535714285714	0.22344382938435	0.326174496952506
m5	5	Egg	2	2	0.1	1.48641901190964	0.339984784165095	54.3682867943276	0.836666666666667	0.2775	0.214314672566317	0.200369636331273
m6	5	Egg	2	2	0.1	1.29901266513786	0.515169136137363	57.6381700640783	0.833006535947712	0.481547619047619	0.221279792735532	0.393624862514764
m7	5	Egg	2	2	0.1	1.21989836803815	0.355814817831394	57.6381700744218	0.844507575757576	0.434238095238095	0.250828074975023	0.35083016983017
m1	6	Egg	2	2	0.1	0.893358506640555	0.293362999273082	87.419781625705	0.92724358974359	0.577666666666667	0.245991659909904	0.491717910279048
m2	6	Egg	2	2	1e-04	0.327547994509242	0.164678249760537	65.7306595107534	0.975	0.542654761904762	0.269856710310727	0.464984873004508
m3	6	Egg	2	2	0.1	1.68785852601749	0.233746188021099	62.7434142295122	0.713953488372093	0.120095238095238	0.143794551491973	0.0450555249311643
m4	6	Egg	2	2	0.1	1.38243602031673	0.30464196042838	74.2955572808305	0.858943089430894	0.3895	0.218961622023568	0.293524921899045
m5	6	Egg	2	2	0.1	1.75828264905991	0.302377002448441	62.4509799104219	0.749186991869919	0.218047619047619	0.18621624668345	0.121947625227544
m6	6	Egg	2	2	0.1	0.992392199703941	0.309088404553225	63.8190850342605	0.896938775510204	0.526119047619048	0.234917577053926	0.44209801081203
m7	6	Egg	2	2	0	0.34766652751536	0.215060403050654	72.5643862644932	0.963888888888889	0.545238095238095	0.247059020016458	0.458902715404579
m1	7	Egg	2	2	1e-04	0.446390908943778	0.155531785714576	75.6650955475498	0.978148148148148	0.514166666666667	0.236882281921243	0.426673967337011
m2	7	Egg	2	2	1e-04	0.636907222869686	0.260736602507657	65.7169588156125	0.963821138211382	0.428642857142857	0.216100077671161	0.327446055882901
m3	7	Egg	2	2	1e-04	1.15530862781841	0.27606327534302	69.4710018397612	0.834751773049645	0.220547619047619	0.163881649264121	0.110743300294843
m4	7	Egg	2	2	1e-04	0.525768725966943	0.272109022655533	75.5451774871562	0.956976744186047	0.514785714285714	0.209996159323283	0.421231258576662
m5	7	Egg	2	2	0.1	1.26541532181176	0.245237581620127	54.9094400489902	0.867028985507246	0.288666666666667	0.201994543825147	0.19681970908392
m6	7	Egg	2	2	1e-04	0.639340029675405	0.235281181257121	89.9403647321774	0.962195121951219	0.39747619047619	0.220292544261889	0.305727103393952
m7	7	Egg	2	2	0.1	1.14529523023439	0.245957304892817	65.8385792459791	0.956439393939394	0.386333333333333	0.213902072268511	0.307443062839451
m1	8	Egg	2	2	0	0.294074164824963	0.157789991304894	68.733373582306	0.964761904761905	0.560595238095238	0.241122262290499	0.47525228132083
m2	8	Egg	2	2	0	0.323959052731192	0.14738909333883	55.7438493058777	0.956349206349206	0.535261904761905	0.241037780239495	0.428122996685409
m3	8	Egg	2	2	0	1.52280546841649	0.246007339753075	47.833318375757	0.766666666666667	0.116	0.137046773700873	0.055519157179344
m4	8	Egg	2	2	0	0.349877038455797	0.15436673986378	45.8204410478262	0.952721088435374	0.563833333333333	0.229563766757423	0.474080057517078
m5	8	Egg	2	2	0	0.936404846796465	0.189923734199568	46.8414993492399	0.884666666666667	0.227928571428571	0.204206281907398	0.130791877102238
m6	8	Egg	2	2	0	0.306997672916792	0.171656441321035	70.1635518691721	0.949186991869919	0.557785714285714	0.249810586987032	0.465687531633452
m7	8	Egg	2	2	0	0.324836937696227	0.146869940435377	72.5643862644932	0.961538461538462	0.546277777777778	0.260602646272625	0.460980937379524
m1	9	Egg	2	2	0.1	1.27838689410833	0.390021836679223	79.827177576611	0.845138888888889	0.423916666666667	0.221724996122954	0.313842294399798
m2	9	Egg	2	2	0.1	1.34542338429551	0.309135460142615	82.0110145208044	0.831818181818182	0.368952380952381	0.22658541759072	0.279805838164668
m3	9	Egg	2	2	0.1	1.7203021913994	0.26466800966428	62.7434142295122	0.735087719298246	0.120619047619048	0.138167046066361	0.0585497073296973
m4	9	Egg	2	2	0.1	1.34172703350694	0.331859388499087	74.2955572808305	0.892962962962963	0.343166666666667	0.233021617181913	0.250947581404103
m5	9	Egg	2	2	0.1	1.77347887724896	0.352592433440121	62.4509799104219	0.772222222222222	0.178857142857143	0.170589537238003	0.101911923125311
m6	9	Egg	2	2	0.1	1.3238190827962	0.411213026533429	66.5916737781471	0.842424242424242	0.332452380952381	0.234876427873271	0.254772594670819
m7	9	Egg	2	2	0.1	1.49194902268821	0.398809342848092	66.5916737745779	0.766085271317829	0.37	0.217912759652353	0.289422155955724
m1	10	Egg	2	2	0.1	0.948637184046897	0.34713026942378	83.8190850351617	0.913405797101449	0.45547619047619	0.252509224393418	0.371619170535842
m2	10	Egg	2	2	1e-04	0.379865005512181	0.183013869140776	65.7307163540175	0.95875	0.540571428571429	0.234975940215928	0.447731100910594
m3	10	Egg	2	2	0.1	1.70055103965259	0.225126116418799	62.7434142295122	0.714015151515151	0.121261904761905	0.14431683904147	0.0506065963022485
m4	10	Egg	2	2	0.1	1.34806407919212	0.309089036026647	82.7364998954121	0.858712121212121	0.332595238095238	0.192518718917655	0.241710043373561
m5	10	Egg	2	2	0.1	1.70897391760445	0.385089527655873	58.1873718459868	0.731395348837209	0.259666666666667	0.192277980004553	0.174176469417598
m6	10	Egg	2	2	1e-04	0.80092864168577	0.990360043874554	73.8190850354456	0.964705882352941	0.478595238095238	0.271066629350342	0.398334681712012
m7	10	Egg	2	2	0	0.32565938487392	0.136718365976186	72.5643862644932	0.963768115942029	0.558119047619048	0.244015640979103	0.467515070912779
m1	11	Egg	2	2	0	0.323141146736271	0.151969271606844	65.6627519327874	0.966346153846154	0.583833333333333	0.237746328043813	0.493325710521363
m2	11	Egg	2	2	0	0.29776773363556	0.171981759964712	69.7468523085015	0.967460317460317	0.546357142857143	0.241654601072616	0.449833029289551
m3	11	Egg	2	2	0	0.974865554974588	0.260683534836061	48.8550485526746	0.881782945736434	0.259428571428571	0.193940041356371	0.158587007415487
m4	11	Egg	2	2	0	0.311515020693518	0.20167631248411	80.9207653978246	0.965	0.535452380952381	0.241109561470777	0.438576471958056
m5	11	Egg	2	2	0.1	1.28194724208892	0.254459753373484	55.1193297414072	0.859863945578231	0.320738095238095	0.217128356762076	0.218846599152231
m6	11	Egg	2	2	0	0.314484112837343	0.178226332948808	65.7333648518771	0.976190476190476	0.582714285714286	0.255057553004869	0.499192839185125
m7	11	Egg	2	2	0	0.324808982378041	0.126322442297385	72.5643862644932	0.977173913043478	0.575071428571429	0.22221512434552	0.491989985820631
m1	12	Egg	2	2	0.1	1.36908409753126	0.431787929460733	89.9894166909414	0.826422764227642	0.403952380952381	0.235781499592437	0.317448887309511
m2	12	Egg	2	2	0.1	1.1861312436148	0.352567934302578	66.5916737735888	0.9	0.387690476190476	0.239188939435446	0.302202599979182
m3	12	Egg	2	2	0.1	1.73021517177748	0.269306676876231	54.5610293364934	0.735365853658537	0.125119047619048	0.145148126196023	0.0618505680271108
m4	12	Egg	2	2	0.1	1.79606257708802	0.566763554603554	76.9583646822164	0.729710144927536	0.271261904761905	0.239390956063371	0.189262169934815
m5	12	Egg	2	2	0.1	2.16224459767099	0.346687816542286	65.9610722164415	0.611607142857143	0.1475	0.157391314289234	0.0644403786956382
m6	12	Egg	2	2	0.1	1.44663019982345	0.404713882919679	66.5916737778947	0.824836601307189	0.427285714285714	0.241911318761433	0.339229542590979
m7	12	Egg	2	2	0.1	1.24982961162147	0.337244881391278	57.6381700740619	0.849404761904762	0.414738095238095	0.242054548837702	0.336586523388794
m1	13	Egg	2	2	1e-04	0.396137590012356	0.144516088628604	75.6704554124377	0.959126984126984	0.507142857142857	0.248572276310294	0.422910549286261
m2	13	Egg	2	2	1e-04	0.374735889258929	0.183644086353188	65.7306595107534	0.977777777777778	0.531833333333333	0.224034216061587	0.443794522444665
m3	13	Egg	2	2	0.1	1.70540066186403	0.285472578664356	62.7434142295122	0.710714285714286	0.136595238095238	0.1616370388559	0.0642059361244866
m4	13	Egg	2	2	1e-04	0.526404869639177	0.192271407737868	65.751535080928	0.966666666666667	0.502595238095238	0.225831617052692	0.409432447772735
m5	13	Egg	2	2	0.1	1.28366121380988	0.228123078986265	54.9094400489902	0.87037037037037	0.263095238095238	0.190056506140246	0.162985581844752
m6	13	Egg	2	2	0	0.270154467708835	0.190580393842624	65.7333648515315	0.965217391304348	0.564285714285714	0.300890057538136	0.479852687103007
m7	13	Egg	2	2	0	0.324257760739179	0.166628144340712	72.5643862644932	0.970325203252033	0.551738095238095	0.22990553197249	0.464425839540104
m1	14	Egg	2	2	0	0.315084078233337	0.177164803343243	55.6869369996994	0.963257575757576	0.560880952380952	0.242027947855209	0.473498547629116
m2	14	Egg	2	2	0	0.335522339098248	0.141770266775795	55.7438493058777	0.965	0.544690476190476	0.219281682409655	0.454219119270474
m3	14	Egg	2	2	0	1.49106678770572	0.275621751152912	55.8329778280394	0.773333333333333	0.121357142857143	0.160325123400641	0.0594214591200401
m4	14	Egg	2	2	0	0.332454453771903	0.156441992200184	45.8204410478262	0.970212765957447	0.554857142857143	0.253630710032114	0.47148090875931
m5	14	Egg	2	2	0	0.915327898839448	0.158673518327388	46.8414993492399	0.893137254901961	0.270523809523809	0.193308008065552	0.158900234174428
m6	14	Egg	2	2	0	0.310602462827158	0.162741831311896	70.1635518691721	0.958333333333333	0.56047619047619	0.261988923466524	0.469621644834274
m7	14	Egg	2	2	0	0.290219179341998	0.182510748485486	55.8081267108553	0.963333333333333	0.589071428571429	0.249351547989035	0.492729714927853
m1	15	Egg	2	2	0	0.00112279952311468	0.00419780158673963	84.8365173478997	1	0.699190476190476	0.284066157926805	0.643680658707316
m2	15	Egg	2	2	0	0.315329435899566	0.158690999027252	71.02567210524	0.946590909090909	0.540035714285714	0.255437985232144	0.442186486571424
m3	15	Egg	2	2	0	1.52647021161983	0.214248000943806	47.833318375757	0.765656565656566	0.0975	0.143496794271963	0.0485164754256826
m4	15	Egg	2	2	1e-04	0.498268309252217	0.22295910764788	55.8063366539778	0.965079365079365	0.451345238095238	0.218240892629439	0.350451288702981
m5	15	Egg	2	2	1e-04	1.3245427692104	0.568843105179718	57.0024326538746	0.844308943089431	0.325452380952381	0.22128142819559	0.2334777205197
m6	15	Egg	2	2	0	0.00194094193542701	0.00618339208385708	86.3734642015636	1	0.638904761904762	0.281263273582194	0.575504091719957
m7	15	Egg	2	2	0	0.300401356090962	0.178747953390489	72.5643862644932	0.963257575757576	0.556404761904762	0.258244503649591	0.476639165309706
m1	16	Egg	2	2	1e-04	0.909539217771096	1.04866495071509	63.8190850342077	0.919230769230769	0.52647619047619	0.258609130768381	0.44738731547651
m2	16	Egg	2	2	0	0.342241127238529	0.142746740936145	55.7438493058777	0.967948717948718	0.535214285714286	0.239029502991952	0.44717766041675
m3	16	Egg	2	2	0	1.50632547830887	0.264636309240344	47.833318375757	0.764539007092199	0.117452380952381	0.152716927219495	0.0516808220749837
m4	16	Egg	2	2	0.1	1.31857362021837	0.338151232440093	47.6381700808848	0.868888888888889	0.428	0.22869217790175	0.343521907567448
m5	16	Egg	2	2	0.1	1.78842456747077	0.378563584116901	50.1424480196999	0.749523809523809	0.200452380952381	0.166348109981186	0.112317036601994
m6	16	Egg	2	2	0.1	0.934824269536782	0.302884009680918	63.8190850342605	0.914341085271318	0.47402380952381	0.255804619697578	0.389293459948965
m7	16	Egg	2	2	0	0.316538265495403	0.139989750057564	72.5643862644932	0.966666666666667	0.540833333333333	0.253099473397997	0.459926696725434
m1	17	Egg	2	2	1e-04	0.29397763991981	0.166380117848053	78.0037527792064	0.972222222222222	0.585083333333333	0.252667487282886	0.511521263806183
m2	17	Egg	2	2	1e-04	0.42389326463135	0.204751034471393	65.7306595107534	0.967361111111111	0.520142857142857	0.235652311101016	0.431292133824567
m3	17	Egg	2	2	0.1	1.65979165537469	0.254746685532595	54.5610335741553	0.755902777777778	0.146690476190476	0.171007142928968	0.0784478322051955
m4	17	Egg	2	2	1e-04	0.373644640400341	0.22179692769408	55.7751356134945	0.974806201550388	0.558976190476191	0.258462413140461	0.487805138097472
m5	17	Egg	2	2	0	0.95443948996536	0.17159919585003	59.7676282824273	0.922592592592593	0.256952380952381	0.185883077177805	0.165129498234785
m6	17	Egg	2	2	0	0.306863471907368	0.131767693029557	70.1635518691721	0.964583333333333	0.544666666666667	0.259898106598899	0.464884835360992
m7	17	Egg	2	2	0	0.288480120397217	0.195897295631155	72.5643862644932	0.974074074074074	0.541666666666667	0.262611207804706	0.45932995992715
m1	18	Egg	2	2	1e-04	0.713377838494042	0.708834508564139	88.1957550427125	0.960227272727273	0.551892857142857	0.254986689895506	0.475045466715997
m2	18	Egg	2	2	1e-04	0.744276741180464	0.807687727450734	79.4243041159123	0.969259259259259	0.569	0.217539294281925	0.485346060729827
m3	18	Egg	2	2	0.1	1.65633307231158	0.280923711027062	62.7434142295122	0.714772727272727	0.152690476190476	0.175391978869137	0.0756975234910018
m4	18	Egg	2	2	0.1	1.46280619333557	0.413112848395892	58.3177662137053	0.84952380952381	0.338690476190476	0.210250983259124	0.25943262933245
m5	18	Egg	2	2	0.1	1.91581713382495	0.235335961666877	54.6943758236116	0.707246376811594	0.13002380952381	0.147449783872537	0.0701891401300072
m6	18	Egg	2	2	1e-04	0.468883073511531	0.199544087874031	81.3351812423504	0.962222222222222	0.530285714285714	0.241640057345066	0.448005271259829
m7	18	Egg	2	2	0	0.279241511614522	0.157072669193116	72.5643862644932	0.971376811594203	0.589202380952381	0.249129089261363	0.507039375384341
m1	19	Egg	2	2	1e-04	0.534159631140613	0.550537587509902	85.3079132262852	1	0.587	0.220505744572449	0.50681262677248
m2	19	Egg	2	2	0.1	1.14638045639308	0.266921802641174	65.7473469628174	0.935815602836879	0.393119047619048	0.214871439086751	0.309031826868783
m3	19	Egg	2	2	0.1	1.64752218906186	0.207866897354332	54.5610293364934	0.779365079365079	0.135595238095238	0.155821244006815	0.0635064463044312
m4	19	Egg	2	2	1e-04	0.697873191144809	0.931225700951823	53.8190850443673	0.935526315789474	0.5365	0.265122793057158	0.453796059332824
m5	19	Egg	2	2	0	1.05851185313269	0.248522409841862	61.2492776538732	0.888211382113821	0.260833333333333	0.189309914020837	0.182390862760428
m6	19	Egg	2	2	1e-04	0.297318057482642	0.278634421954517	87.7836084348885	1	0.615190476190476	0.288327153940128	0.55614074782023
m7	19	Egg	2	2	0.1	1.15956989109769	0.301439392166381	83.5467503824238	0.942857142857143	0.37552380952381	0.205202742563994	0.291126459015917
m1	20	Egg	2	2	0.1	0.878868507780026	0.394419728665203	95.3707783261929	0.93968253968254	0.524714285714286	0.250215047571843	0.438597759768607
m2	20	Egg	2	2	0.1	1.02400851627958	0.318625091196794	79.1188960842689	0.917361111111111	0.474166666666667	0.229592121135596	0.382882982141748
m3	20	Egg	2	2	0	1.0474589984538	0.223433157963748	48.8550485526746	0.857716049382716	0.303333333333333	0.189304355917851	0.215151651321481
m4	20	Egg	2	2	0.1	1.1312089238269	0.349342058571182	82.4300777154498	0.926495726495727	0.395285714285714	0.242629499359724	0.306849579029721
m5	20	Egg	2	2	0.1	1.80818254387782	0.282891416416397	62.7440610523135	0.667948717948718	0.158333333333333	0.16264596346021	0.0770536166697478
m6	20	Egg	2	2	0.1	1.10438722286555	0.470206059975678	80.2273363802294	0.91195652173913	0.502166666666667	0.257262209977785	0.427518677588763
m7	20	Egg	2	2	0.1	1.00103478674811	0.308759020559933	63.8190850354217	0.902350427350427	0.447785714285714	0.251783817851735	0.372421815812513
m1	21	Egg	2	2	0.1	0.972569785210956	0.352696826395911	96.7995801659606	0.906589147286822	0.500142857142857	0.204613585442589	0.41311557505141
m2	21	Egg	2	2	1e-04	0.386580912700719	0.154621671982391	65.7307163540175	0.957446808510638	0.530952380952381	0.243889805730744	0.446329554678608
m3	21	Egg	2	2	0.1	1.62195222378807	0.235858959274207	54.5610293364934	0.738518518518518	0.156678571428571	0.175541302320575	0.0802378183475821
m4	21	Egg	2	2	0.1	1.31908711750948	0.324683343782564	82.7364998954121	0.862	0.363047619047619	0.209780954191228	0.263698382379659
m5	21	Egg	2	2	0.1	1.69482912814088	0.338062823664414	58.1873718459868	0.745454545454545	0.214833333333333	0.19390104445124	0.135603344116214
m6	21	Egg	2	2	0.1	0.914669277297188	0.313071403570286	88.9873154181144	0.92	0.447285714285714	0.229453070595829	0.359510025797017
m7	21	Egg	2	2	0	0.303018200915025	0.139106849091092	72.5643862644932	0.960852713178295	0.584428571428571	0.243919250839154	0.506028214714225
m1	22	Egg	2	2	0.1	0.811251553735175	0.274863891205984	77.1521558670676	0.938372093023256	0.533857142857143	0.266890877535544	0.456494841619654
m2	22	Egg	2	2	0	0.331356952623167	0.209233255862288	55.7121098219622	0.972222222222222	0.559785714285714	0.242592895643688	0.46788550838788
m3	22	Egg	2	2	0	1.01797203421856	0.232416428864696	48.8550485526746	0.882986111111111	0.281345238095238	0.18350714939895	0.199655122604755
m4	22	Egg	2	2	0.1	1.1383163307614	0.306185117066825	72.9503995084888	0.922093023255814	0.449333333333333	0.253083342895534	0.363598449442645
m5	22	Egg	2	2	0.1	1.76395446324122	0.353633176032598	50.1421493197083	0.768085106382979	0.188190476190476	0.158399699299221	0.0951734246352058
m6	22	Egg	2	2	0.1	1.01571181904791	0.332165666570355	63.8190850342605	0.914141414141414	0.448095238095238	0.242712563892546	0.365285840386822
m7	22	Egg	2	2	0	0.292203045654516	0.149831889563096	72.5643862644932	0.968707482993197	0.572	0.241556401176816	0.481744881112343
m1	23	Egg	2	2	1e-04	0.628290473145804	1.17335572786439	63.9654361485647	0.977350427350427	0.562	0.256054052091056	0.48191852368062
m2	23	Egg	2	2	1e-04	0.781979638143809	0.850848754155326	63.8190850383868	0.957142857142857	0.573547619047619	0.25015167413925	0.487370462870463
m3	23	Egg	2	2	0.1	1.64737528684933	0.203354289959222	54.5610293364934	0.758333333333333	0.134785714285714	0.136824649793898	0.061846869961021
m4	23	Egg	2	2	1e-04	0.552422035471165	0.743205445375018	72.3180976004725	0.953100775193798	0.575095238095238	0.252728626000953	0.49090311409307
m5	23	Egg	2	2	0	1.05077944285748	0.188227280447873	48.9319398362541	0.849206349206349	0.25797619047619	0.181073342206393	0.1697473274942
m6	23	Egg	2	2	0	0.2748301073924	0.155622292780949	70.4038974432629	0.966666666666667	0.628404761904762	0.225817711370563	0.551497336989798
m7	23	Egg	2	2	0	0.33013700627113	0.143679128915295	72.5643862644932	0.971739130434783	0.555214285714286	0.23510549427878	0.479773656811659
m1	24	Egg	2	2	0	0.279473910315918	0.158920739071773	77.9888440729038	0.9675	0.573857142857143	0.252728752882863	0.485992798594144
m2	24	Egg	2	2	0	0.267358688005273	0.209618553370355	71.02567210524	0.97906976744186	0.598547619047619	0.251611971378007	0.518579530367112
m3	24	Egg	2	2	0	1.42516250704661	0.236767820002428	47.833318375757	0.781060606060606	0.133095238095238	0.136415410435927	0.046406887313235
m4	24	Egg	2	2	1e-04	0.567597537927593	0.203735396670051	55.7915095397505	0.96	0.418785714285714	0.220019982215863	0.326287898908423
m5	24	Egg	2	2	0.1	1.31101437518095	0.283519032578584	54.9094400489902	0.844339622641509	0.315333333333333	0.223175732120245	0.215385390202433
m6	24	Egg	2	2	0	0.31367011138017	0.200787123833387	65.7333648518771	0.975555555555556	0.561880952380952	0.25990920521668	0.488492232818197
m7	24	Egg	2	2	0	0.328835674504417	0.179504018515331	72.5643862644932	0.962666666666667	0.591071428571429	0.234351122931507	0.502162836098258
m1	25	Egg	2	2	0	0.272987437011413	0.14627141474647	77.9888440883041	0.969047619047619	0.562666666666667	0.257634495184295	0.490048552965062
m2	25	Egg	2	2	0	0.294044181435347	0.192501057685275	71.02567210524	0.982954545454545	0.567190476190476	0.256432752793741	0.483204368826898
m3	25	Egg	2	2	0	1.41011345447777	0.263358839168965	47.833318375757	0.771212121212121	0.131	0.162972872364771	0.0559103210302059
m4	25	Egg	2	2	1e-04	0.597259125803177	0.277002595675149	55.7917767843013	0.968859649122807	0.444857142857143	0.181917101289161	0.347739456721399
m5	25	Egg	2	2	1e-04	1.23978838135849	0.671793057395674	54.9094400489902	0.877659574468085	0.281047619047619	0.202191694887504	0.186944532015563
m6	25	Egg	2	2	0	0.319362821298596	0.187334977351066	79.4268925475213	0.957364341085271	0.538547619047619	0.27641900096909	0.466026292548032
m7	25	Egg	2	2	0	0.348991545576733	0.134181425861473	72.5643862644932	0.970634920634921	0.55447619047619	0.217921241854878	0.466751130921356
m1	26	Egg	2	2	0.1	0.83091436109228	0.320016069196364	87.419781625705	0.929674796747967	0.526714285714286	0.274923196819459	0.45060494929197
m2	26	Egg	2	2	1e-04	0.410978750358342	0.228348423593312	65.7306595107534	0.938888888888889	0.543238095238095	0.236817572378666	0.450651938650129
m3	26	Egg	2	2	0.1	1.73418093383999	0.292231343983246	62.7434142295122	0.741025641025641	0.144	0.180651023711812	0.0824366006830944
m4	26	Egg	2	2	0.1	1.34531673454056	0.471842150884831	74.2955572808305	0.885106382978723	0.367833333333333	0.251980063822896	0.281243194146007
m5	26	Egg	2	2	0.1	1.72728034900877	0.376097444234389	50.1424480196999	0.787777777777778	0.23602380952381	0.194900415106769	0.141930687773747
m6	26	Egg	2	2	0.1	0.949120002840402	0.303831177015458	63.8190850342605	0.913131313131313	0.459547619047619	0.242817408731156	0.38156312074747
m7	26	Egg	2	2	0	0.296090526572257	0.173998207271822	72.5643862644932	0.982407407407407	0.50902380952381	0.244840081759403	0.419432348342195
m1	27	Egg	2	2	0.1	1.26099913837243	0.392540250658435	70.9537166826002	0.832962962962963	0.456809523809524	0.242694165763613	0.379433691492892
m2	27	Egg	2	2	0.1	1.11942823096439	0.335000953327706	72.8673992797578	0.870408163265306	0.436666666666667	0.252940063345731	0.350005298289835
m3	27	Egg	2	2	0	1.47169296047805	0.196910034982694	47.833318375757	0.775724637681159	0.145357142857143	0.142011435721146	0.0713517917050017
m4	27	Egg	2	2	0.1	1.34995200757609	0.365173396270478	47.6381700808848	0.853333333333333	0.424285714285714	0.24903073747388	0.336914422321072
m5	27	Egg	2	2	0.1	1.77262204349452	0.353694440054832	62.4509799104219	0.763333333333333	0.187357142857143	0.167756587048691	0.102051742467993
m6	27	Egg	2	2	0.1	1.17651258324376	0.393974275539363	57.6381700837453	0.876068376068376	0.413166666666667	0.251273914776114	0.3224761280281
m7	27	Egg	2	2	0.1	1.35417807029974	0.322877047787966	57.6381700740619	0.819503546099291	0.394119047619048	0.233125737131458	0.305258904884544
m1	28	Egg	2	2	0	0.288128189604011	0.188938939651986	77.9888440883041	0.978395061728395	0.614333333333333	0.24854255304354	0.541227759119713
m2	28	Egg	2	2	0	0.313510829185393	0.16743817865552	71.02567210524	0.963768115942029	0.554404761904762	0.257099958787866	0.470223288770191
m3	28	Egg	2	2	0	1.47461074523734	0.285484119655734	47.833318375757	0.765579710144928	0.141285714285714	0.142017421407494	0.0686784602075266
m4	28	Egg	2	2	1e-04	0.573798342718525	0.253866009371524	55.7917767843013	0.954901960784314	0.426380952380952	0.212826973272805	0.326418364855726
m5	28	Egg	2	2	0.1	1.30416586241558	0.205268992193572	54.9094400489902	0.876587301587302	0.257357142857143	0.200232089791261	0.174975125416343
m6	28	Egg	2	2	0	0.345095694346959	0.19093808094025	79.4268925475213	0.959090909090909	0.528119047619048	0.234525108465674	0.435368727022778
m7	28	Egg	2	2	0	0.281166469913422	0.150399340714242	55.8081267108553	0.977430555555556	0.601666666666667	0.213588599383854	0.524353197527111
m1	29	Egg	2	2	0.1	1.48891105716077	0.480850290618226	81.2649970562838	0.77875	0.416261904761905	0.225360253267341	0.329160423617853
m2	29	Egg	2	2	0.1	1.13109339909631	0.355617708830669	57.6381700678351	0.870921985815603	0.429464285714286	0.241810383544258	0.33900139161776
m3	29	Egg	2	2	0	1.49660643903324	0.23376009978026	47.833318375757	0.770056497175141	0.135880952380952	0.147708337361458	0.0599331222911786
m4	29	Egg	2	2	0.1	1.76003329035808	0.369451893137814	51.0903549584992	0.726388888888889	0.310857142857143	0.215734591898041	0.232693312442034
m5	29	Egg	2	2	0.1	2.15855788531112	0.380087901133217	65.9610722164415	0.612925170068027	0.133214285714286	0.144301014607765	0.0519187026741375
m6	29	Egg	2	2	0.1	1.49921837644474	0.394370113412054	66.5916737778947	0.798148148148148	0.417	0.234329044316109	0.331251396240094
m7	29	Egg	2	2	0.1	1.14586695051422	0.319498898985918	57.6381700740619	0.893333333333333	0.429904761904762	0.225890999437214	0.352465909393112
m1	30	Egg	2	2	1e-04	0.36239739935984	0.166552268255027	87.3914824391653	0.981521739130435	0.562119047619048	0.234250363704845	0.474025944836817
m2	30	Egg	2	2	1e-04	0.372302588605374	0.173528838867002	65.7307163540175	0.980654761904762	0.563166666666667	0.259718994740385	0.489283835125082
m3	30	Egg	2	2	0.1	1.78317564805497	0.289239632975648	54.5610293364934	0.745528455284553	0.119714285714286	0.144594644644925	0.0503765367431223
m4	30	Egg	2	2	1e-04	0.52066791019812	0.210100024313642	65.5451774802254	0.968840579710145	0.530357142857143	0.247345877135511	0.438700682052218
m5	30	Egg	2	2	0.1	1.3583659935023	0.307681916857471	54.9094400489902	0.829787234042553	0.2695	0.197146521251963	0.167109365591782
m6	30	Egg	2	2	0	0.403037185796046	0.62047796183303	79.4268925475213	0.97156862745098	0.585166666666667	0.241277638810353	0.50094712533843
m7	30	Egg	2	2	0	0.350738049998242	0.162476468563771	72.5643862644932	0.953703703703704	0.530309523809524	0.237455093033483	0.452696311440258
m1	31	Egg	2	2	0.1	1.19701827535696	0.384424594776358	89.0754002665691	0.8775	0.399333333333333	0.220102516671477	0.305550840092998
m2	31	Egg	2	2	0.1	1.16801981502982	0.34841606483895	81.539330677249	0.910810810810811	0.393785714285714	0.219695461411713	0.301056293471399
m3	31	Egg	2	2	0.1	1.61139769516323	0.226759441609536	62.7434142295122	0.766296296296296	0.144452380952381	0.170563948796237	0.067398061001095
m4	31	Egg	2	2	0.1	1.37021646620426	0.285440102632869	82.7364998954121	0.865040650406504	0.353857142857143	0.18357438723083	0.260053341070831
m5	31	Egg	2	2	0.1	1.70914603567723	0.474329349244133	58.1873717987572	0.742342342342342	0.226595238095238	0.202316305494125	0.147408866056255
m6	31	Egg	2	2	0.1	1.27075019805725	0.433018178093679	67.6381700731842	0.839539007092199	0.396142857142857	0.221327765951807	0.294477383124122
m7	31	Egg	2	2	0.1	1.38556470787261	0.419501615862623	57.6381700744218	0.816666666666667	0.403428571428571	0.242697303783717	0.327739015647097
m1	32	Egg	2	2	0.1	0.89073667662747	0.305001483980819	87.419781625705	0.93804347826087	0.555666666666667	0.250646974296331	0.47667990617436
m2	32	Egg	2	2	1e-04	0.364553466874702	0.217068912896721	65.7306595107534	0.984188034188034	0.534833333333333	0.242768154432609	0.450343935050457
m3	32	Egg	2	2	0.1	1.6987917459756	0.266490997751465	54.5610335741553	0.751315789473684	0.11202380952381	0.141125213757119	0.0605547212804246
m4	32	Egg	2	2	0.1	1.32134065760268	0.306050048547968	74.2955572808305	0.868707482993197	0.412095238095238	0.237211365669028	0.298975319247112
m5	32	Egg	2	2	0.1	1.75045763298499	0.324503330529917	62.4509799104219	0.774418604651163	0.218761904761905	0.186655181199794	0.123377027477102
m6	32	Egg	2	2	0.1	1.01508496318903	0.347060312670767	63.8190850342605	0.908333333333333	0.4835	0.244025064948731	0.396411624675959
m7	32	Egg	2	2	0	0.304506091784041	0.132678533905841	72.5643862644932	0.975724637681159	0.557666666666667	0.251676979296813	0.478067718300455
m1	33	Egg	2	2	0.1	1.43118661365654	0.392585923654835	89.9894166909414	0.827536231884058	0.394261904761905	0.213527356443816	0.286338277664365
m2	33	Egg	2	2	0.1	1.10342341745423	0.345144960722442	81.539330677249	0.905982905982906	0.413928571428571	0.226016711311104	0.327316224955532
m3	33	Egg	2	2	0.1	1.61891974693778	0.274747528280596	62.7434142295122	0.787037037037037	0.136595238095238	0.155514930864527	0.063744677743399
m4	33	Egg	2	2	0.1	1.86326027219172	0.394998164219064	59.3642625322172	0.709929078014184	0.273595238095238	0.205909481250749	0.17855285393662
m5	33	Egg	2	2	0.1	2.24766790183553	0.310066882837849	54.5225021046362	0.590425531914894	0.119190476190476	0.136510797312216	0.0454129303924907
m6	33	Egg	2	2	0.1	1.52758822645571	0.455083984647965	66.5916737778947	0.819246031746032	0.360214285714286	0.231256598108897	0.281021660928517
m7	33	Egg	2	2	0.1	1.2511255040915	0.35902815475674	57.6381700740619	0.843910256410256	0.453571428571429	0.230609723837621	0.361227954404484
m1	34	Egg	2	2	0.1	1.16952187078806	0.489234064401587	80.1655870134954	0.872619047619048	0.387047619047619	0.222384068047467	0.301434564033442
m2	34	Egg	2	2	0.1	1.20135464798681	0.34522969362512	57.6381700678351	0.846464646464646	0.43697619047619	0.19873781588363	0.338035495734899
m3	34	Egg	2	2	0	1.46325705082497	0.226887550148701	47.833318375757	0.764035087719298	0.123857142857143	0.147949551660993	0.0532939652920574
m4	34	Egg	2	2	0.1	1.32733324121143	0.371289082550864	57.6381700872802	0.848412698412698	0.345238095238095	0.235864247000039	0.261992017098705
m5	34	Egg	2	2	0.1	1.7151345269414	0.387311290211831	58.1873718022465	0.722916666666667	0.22802380952381	0.1900050856983	0.142437758649787
m6	34	Egg	2	2	0.1	1.23086556626204	0.438869562358397	67.6381700731842	0.861821705426357	0.406166666666667	0.240208299009676	0.317037609610605
m7	34	Egg	2	2	0.1	1.14634957119272	0.442646530421364	57.6381700740619	0.879824561403509	0.434357142857143	0.259818807367298	0.359238177525381
m1	35	Egg	2	2	0.1	0.81295944638325	0.252366962508263	73.9636837702438	0.940217391304348	0.490904761904762	0.249431975691295	0.39526289709871
m2	35	Egg	2	2	0	0.300396250571787	0.142640921446208	55.7438493058777	0.983333333333333	0.562619047619048	0.225024971192193	0.479435137326442
m3	35	Egg	2	2	0	1.40046670321973	0.24997477414025	47.833318375757	0.768939393939394	0.156333333333333	0.145641150571932	0.0723642801974182
m4	35	Egg	2	2	0.1	1.22313540734934	0.389517247171807	57.6381700872802	0.869583333333333	0.393309523809524	0.254757453220898	0.3097205535589
m5	35	Egg	2	2	0.1	1.7125691440764	0.414510853440779	58.1873718459868	0.739583333333333	0.264678571428571	0.184622121167307	0.171391858258618
m6	35	Egg	2	2	0.1	0.907357808577752	0.223510140460066	74.016636371407	0.944074074074074	0.495833333333333	0.258355055022478	0.408827440000236
m7	35	Egg	2	2	0	0.325414768319877	0.14159790051147	72.5643862644932	0.965503875968992	0.533142857142857	0.249870137370137	0.4503672620909
m1	36	Egg	2	2	0.1	0.865906244255335	0.26593582365569	88.1957550427125	0.961481481481481	0.49302380952381	0.262503198197434	0.419002653689744
m2	36	Egg	2	2	1e-04	0.697752695272544	0.736603110816264	79.4243041159123	0.958914728682171	0.555964285714286	0.270951978093045	0.481563354173743
m3	36	Egg	2	2	0.1	1.66840362547021	0.240514715207509	62.7434142295122	0.735833333333333	0.127642857142857	0.148456828790157	0.0600544732017905
m4	36	Egg	2	2	0.1	1.48459870605015	0.387336054489561	58.3177662137053	0.827173913043478	0.344642857142857	0.223668089284813	0.262607272402679
m5	36	Egg	2	2	0.1	1.90926242378486	0.269779516764032	54.6944287125494	0.701111111111111	0.136095238095238	0.156397257505815	0.0594593461421494
m6	36	Egg	2	2	1e-04	0.399995531923972	0.22315922076177	65.7515807842991	0.986394557823129	0.546452380952381	0.271755685650357	0.477570225298311
m7	36	Egg	2	2	0	0.291481331976771	0.139357125339762	72.5643862644932	0.968859649122807	0.556642857142857	0.231350671622189	0.477828836252574
m1	37	Egg	2	2	0.1	0.990121510280336	0.277926326703223	73.9660456197425	0.934126984126984	0.425309523809524	0.23677765666507	0.345441956217788
m2	37	Egg	2	2	0.1	1.10052073251083	0.260702442363002	65.7473469628174	0.932679738562092	0.390833333333333	0.226417160656454	0.302900398366862
m3	37	Egg	2	2	0.1	1.62805724702168	0.237694534038813	54.5610293364934	0.740530303030303	0.119833333333333	0.141435144544181	0.0494653201520312
m4	37	Egg	2	2	0.1	1.34459499316552	0.27933170133189	74.2955572808305	0.870614035087719	0.353595238095238	0.215964111318066	0.268576068047079
m5	37	Egg	2	2	0.1	1.77315295226369	0.303691817256611	62.4509799104219	0.758333333333333	0.211285714285714	0.148922706356179	0.115285343424142
m6	37	Egg	2	2	0.1	1.09483073746282	0.306788031053108	73.8190850410023	0.913425925925926	0.380190476190476	0.230774883072328	0.289910493396259
m7	37	Egg	2	2	0.1	1.07021993194649	0.223954098277823	83.5467503824238	0.944871794871795	0.3625	0.244999083806895	0.283234488677728
m1	38	Egg	2	2	0	3.67483097253595e-06	4.58806066180654e-06	75.5631477294849	1	0.768333333333333	0.285542978145367	0.731405080213904
m2	38	Egg	2	2	0	0.301147165475936	0.196866190133764	71.02567210524	0.954065040650407	0.505761904761905	0.282960348837391	0.417207417943001
m3	38	Egg	2	2	0	1.40635339190642	0.273552364509543	47.833318375757	0.757364341085271	0.150095238095238	0.169944042485212	0.0765434851214496
m4	38	Egg	2	2	0	0.273221847650791	0.158911845752245	45.8372286680096	0.972108843537415	0.59047619047619	0.267771110121412	0.513085636653174
m5	38	Egg	2	2	0	1.04628970472656	0.218944504673928	61.2492776538732	0.854166666666667	0.25	0.176955167523108	0.162432168929715
m6	38	Egg	2	2	0	4.84729745654531e-06	7.75069862796511e-06	77.0931219703758	1	0.730142857142857	0.284371588503762	0.686957545864195
m7	38	Egg	2	2	0	0.335348564844242	0.155330671986817	55.8081267108553	0.963333333333333	0.565666666666667	0.234709984140946	0.472354789107161
m1	39	Egg	2	2	0	4.52480258492799e-06	4.88128036625866e-06	75.5631477294849	1	0.664047619047619	0.277726546502193	0.59820670995671
m2	39	Egg	2	2	0	0.290656361624172	0.149924954281784	55.7438493058777	0.966239316239316	0.537047619047619	0.262939562264563	0.451359601811336
m3	39	Egg	2	2	0	1.43046158244393	0.21262622519769	47.833318375757	0.784883720930233	0.141083333333333	0.161846350040167	0.0744262461676255
m4	39	Egg	2	2	0	0.350354310868836	0.166694478938417	65.2068484346561	0.957751937984496	0.51497619047619	0.258680201048043	0.421485372233472
m5	39	Egg	2	2	0	1.06324362478082	0.276921594045586	48.9319535942226	0.832945736434109	0.243357142857143	0.182117994323048	0.155720360401637
m6	39	Egg	2	2	0	3.74043484779666e-06	4.37525640960068e-06	77.0931219703758	1	0.621333333333333	0.312551133268236	0.562752056945268
m7	39	Egg	2	2	0	0.289091706417008	0.15568932601399	72.5643862644932	0.973529411764706	0.611142857142857	0.243318813462908	0.535482028111649
m1	40	Egg	2	2	0.1	1.06894832617884	0.386461876485995	87.7216524461466	0.901984126984127	0.455785714285714	0.235878389438479	0.364720186456285
m2	40	Egg	2	2	0.1	1.02982067938802	0.346176572364764	80.0604378267328	0.912612612612613	0.452761904761905	0.228630223318432	0.360640876986867
m3	40	Egg	2	2	0	0.961809689478901	0.181240956703557	48.8550485526746	0.897083333333333	0.291714285714286	0.189576543044225	0.212680479863984
m4	40	Egg	2	2	0.1	1.16098869709398	0.294980285133002	81.3744904680836	0.904273504273504	0.389666666666667	0.252404597438479	0.298416632397523
m5	40	Egg	2	2	0.1	1.68331801213647	0.330431225129276	58.1873717987572	0.753418803418803	0.219583333333333	0.179756877679136	0.13071974096392
m6	40	Egg	2	2	0.1	1.24323797206955	0.461312715479348	67.6381700731842	0.859953703703704	0.382380952380952	0.222634383803992	0.298911072419573
m7	40	Egg	2	2	0.1	1.21356050108082	0.350875867479436	57.6381700744218	0.876960784313725	0.363928571428571	0.21448934128188	0.283693155848079
m1	41	Egg	2	2	0.1	1.08253238298221	0.390605806832976	87.7216524461466	0.917407407407407	0.486357142857143	0.208592769130577	0.399050717673034
m2	41	Egg	2	2	0.1	1.10890094741601	0.339713566093607	80.0604378267328	0.891666666666667	0.464833333333333	0.200656819897786	0.353226638485404
m3	41	Egg	2	2	0	1.01448864310148	0.254270229664316	48.8550485526746	0.858914728682171	0.277666666666667	0.204484240746823	0.190152369603281
m4	41	Egg	2	2	0.1	1.09338560637535	0.354879695561814	81.3744904680836	0.89874213836478	0.450047619047619	0.26046193594027	0.360509606335693
m5	41	Egg	2	2	0.1	1.74879967571933	0.363217916986151	58.1873718022465	0.699444444444444	0.219904761904762	0.175832456083314	0.137069671324257
m6	41	Egg	2	2	0.1	1.13754592811278	0.40574937331626	67.8406611597945	0.876190476190476	0.42047619047619	0.233675917386322	0.329927439886958
m7	41	Egg	2	2	0.1	1.23653391681761	0.413803268430019	57.6381700740619	0.847743055555556	0.416738095238095	0.244152731384884	0.334073416715877
m1	42	Egg	2	2	0.1	1.22535246303269	0.650212866103232	70.9537166826002	0.864184397163121	0.460285714285714	0.240011261254998	0.369696500856347
m2	42	Egg	2	2	0.1	1.3154319649217	0.364282808993537	57.6381700678351	0.827777777777778	0.418690476190476	0.219018959739236	0.32240709576772
m3	42	Egg	2	2	0	1.55725928066262	0.283510416918521	47.833318375757	0.711481481481481	0.110166666666667	0.136327801127537	0.0364422113616384
m4	42	Egg	2	2	0.1	1.45757722913878	0.385899122549014	47.6381700808848	0.818604651162791	0.43177380952381	0.237320570879185	0.337664967619076
m5	42	Egg	2	2	0.1	1.71786270422687	0.362802129178251	50.1421207841043	0.784469696969697	0.196642857142857	0.17983761294805	0.118726580301406
m6	42	Egg	2	2	0.1	1.21243851182297	0.450119276431106	57.6381700837453	0.853809523809524	0.383166666666667	0.225168892484501	0.298742023579506
m7	42	Egg	2	2	0.1	1.35674651096232	0.367345637120682	57.6381700740619	0.817829457364341	0.409059523809524	0.245930534446613	0.32428490454579
m1	43	Egg	2	2	0.1	0.890257890940247	0.256757597005844	73.9599680557491	0.946052631578947	0.500761904761905	0.241834722640297	0.421780929674202
m3	43	Egg	2	2	0.1	1.61002255770809	0.220228266591276	54.5610335741553	0.73974358974359	0.142833333333333	0.15251823684447	0.057035017079145
m4	43	Egg	2	2	0.1	1.32472500423243	0.241621472816546	74.2955572808305	0.88859649122807	0.352	0.21620108124934	0.267197607306571
m5	43	Egg	2	2	0.1	1.69294833933915	0.29072100565708	50.1424480196999	0.765555555555556	0.216880952380952	0.168452636324351	0.120454652252191
m6	43	Egg	2	2	0.1	0.966734708086916	0.32624288675468	63.8190850342605	0.921544715447154	0.462666666666667	0.244415601454212	0.37468467068366
m7	43	Egg	2	2	0	0.319366858014352	0.178265679303973	72.5643862644932	0.948780487804878	0.539714285714286	0.242985583178241	0.450939319738233
m1	44	Egg	2	2	0.1	0.899025832361798	0.291053193638749	63.8190850342077	0.934959349593496	0.535428571428571	0.226606483091437	0.465583825663378
m2	44	Egg	2	2	0	0.321899973438545	0.176828380225839	71.02567210524	0.957986111111111	0.574166666666667	0.250991842478899	0.49019270169989
m3	44	Egg	2	2	0	1.53871843300904	0.226233324094905	47.833318375757	0.738541666666667	0.116214285714286	0.144217784757762	0.0484499987300602
m4	44	Egg	2	2	0.1	1.30779636860169	0.298339319716859	47.9515282100752	0.891472868217054	0.392023809523809	0.248028801971812	0.311442096949053
m5	44	Egg	2	2	0.1	1.76529139723469	0.313207592696927	50.1424480196999	0.738257575757576	0.249964285714286	0.171499241803202	0.153388724651811
m6	44	Egg	2	2	1e-04	0.836065573527622	0.996105588669698	63.8190850342605	0.939795918367347	0.591166666666667	0.29188861204341	0.525983635111966
m7	44	Egg	2	2	0	0.310519295939574	0.155749595009152	72.5643862644932	0.964583333333333	0.56952380952381	0.237677362976539	0.484203956896616
m1	45	Egg	2	2	0.1	1.11073465090685	0.484590322032398	79.7356572655074	0.871527777777778	0.485595238095238	0.271574599124564	0.407092608478478
m2	45	Egg	2	2	0.1	1.22843663023168	0.289975952294308	81.539330677249	0.891156462585034	0.408833333333333	0.217046059272903	0.307572168072694
m3	45	Egg	2	2	0.1	1.68045598171711	0.204439700583946	54.5610335741553	0.721895424836601	0.128357142857143	0.151569393334868	0.0601214311051268
m4	45	Egg	2	2	0.1	1.40002602470214	0.335012404254635	74.2955572808305	0.850980392156863	0.34752380952381	0.197782815479491	0.259188542636721
m5	45	Egg	2	2	0.1	1.83374590432155	0.277137608914042	50.1421207841043	0.721717171717172	0.213619047619048	0.173684807693578	0.125313050869874
m6	45	Egg	2	2	0.1	1.4935641236381	0.634014436171195	57.6381700837453	0.787804878048781	0.422428571428571	0.238488895350548	0.326078101256882
m7	45	Egg	2	2	0.1	1.23255720590944	0.359281999094918	57.6381700740619	0.858854166666667	0.448119047619048	0.236156438832411	0.365646702661869
m1	46	Egg	2	2	0.1	1.30205307832077	0.431840634665324	79.7356572655074	0.855701754385965	0.406119047619048	0.232432480497744	0.316124041944086
m2	46	Egg	2	2	0.1	1.10623580865186	0.336150477767693	81.539330677249	0.913194444444444	0.444535714285714	0.253898636235166	0.363059454649559
m3	46	Egg	2	2	1e-04	1.61045948293399	0.414288339825575	54.5610335741553	0.754901960784314	0.127928571428571	0.146993918731752	0.0515737399855047
m4	46	Egg	2	2	0.1	1.3726182648645	0.393769076217477	74.2955572808305	0.835984848484848	0.371857142857143	0.241363898086247	0.275124049990243
m5	46	Egg	2	2	0.1	1.76165081177054	0.387099851529142	50.1422156106776	0.768292682926829	0.213333333333333	0.167372243856226	0.119781276371512
m6	46	Egg	2	2	0.1	1.24399559737441	0.465866430056827	57.6381700837453	0.843859649122807	0.412238095238095	0.234975477199012	0.326037116060377
m7	46	Egg	2	2	0.1	1.33298554408924	0.419206183000229	57.6381700744218	0.8234375	0.386785714285714	0.218485479993632	0.303782002311414
m1	47	Egg	2	2	0	4.535923087987e-06	7.66277001018133e-06	75.5631477294849	1	0.754	0.252341670643169	0.704690094219506
m2	47	Egg	2	2	0	0.320994074193546	0.151159037994154	55.7438493058777	0.956976744186047	0.591642857142857	0.221711042398123	0.502369648467475
m3	47	Egg	2	2	0	1.47022986649979	0.2419022205737	47.833318375757	0.764492753623188	0.140595238095238	0.153305716265074	0.0598258597299009
m4	47	Egg	2	2	0	0.333963123140479	0.17359235388483	45.8372286680096	0.958843537414966	0.5835	0.1979817122876	0.492743114336918
m5	47	Egg	2	2	0	1.02884910518015	0.225273316997482	61.2492776538732	0.895495495495495	0.243607142857143	0.175754978254334	0.159125442657701
m6	47	Egg	2	2	0	7.0257814431606e-06	9.38917806909378e-06	77.0931219703758	1	0.704190476190476	0.290097277681703	0.65407645785587
m7	47	Egg	2	2	0	0.350513376949621	0.148267416244962	72.5643862644932	0.970542635658915	0.547619047619048	0.225132713175765	0.457465510696942
m1	48	Egg	2	2	0.1	1.54432422377722	0.416695756416425	90.4657736126489	0.787596899224806	0.342452380952381	0.208721532091746	0.252006191443323
m2	48	Egg	2	2	0.1	1.246984683237	0.436255407445007	72.8673992797578	0.852777777777778	0.398571428571429	0.233898315704441	0.312929973905038
m3	48	Egg	2	2	0	1.50221997181738	0.225791996341004	47.833318375757	0.766239316239316	0.134047619047619	0.147719286670093	0.069370441565145
m4	48	Egg	2	2	0.1	1.73686712191527	0.443667964813218	61.0903549744303	0.736728395061728	0.293333333333333	0.209550317532573	0.205181770646854
m5	48	Egg	2	2	0.1	1.91851608044601	0.386741608751251	62.5476101235009	0.653240740740741	0.157785714285714	0.171214611481267	0.0810977880814837
m6	48	Egg	2	2	0.1	1.47358820839975	0.471636928359926	76.5916737756316	0.831439393939394	0.380833333333333	0.223360405917292	0.293223018137021
m7	48	Egg	2	2	0.1	1.21634440611773	0.327385931975222	57.6381700744218	0.883333333333333	0.405	0.241156724261559	0.322396459108364
m1	49	Egg	2	2	0.1	1.03169708773132	0.365675718241136	70.9537166826002	0.893253968253968	0.435285714285714	0.245239935174781	0.357815062752609
m2	49	Egg	2	2	0.1	1.1727527463486	0.313822117897854	72.8673992797578	0.858156028368794	0.429	0.204544606557664	0.342264435949744
m3	49	Egg	2	2	0	1.49136173073975	0.234401018010863	47.833318375757	0.769230769230769	0.156928571428571	0.161214716223704	0.0845245105216539
m4	49	Egg	2	2	0.1	1.39042546622331	0.385657501371556	47.6381700808848	0.858641975308642	0.422166666666667	0.241662951324047	0.334192171968779
m5	49	Egg	2	2	0.1	1.77094921934084	0.345905120292489	62.4509799104219	0.765350877192982	0.154666666666667	0.153029269590137	0.0687894354359992
m6	49	Egg	2	2	0.1	1.25230909891884	0.462762641533373	57.6381700837453	0.825657894736842	0.424619047619048	0.239918755383606	0.337809791444702
m7	49	Egg	2	2	0.1	1.34326260147952	0.40469779031017	57.6381700744218	0.8185	0.42497619047619	0.200591070689473	0.334424034357414
m1	50	Egg	2	2	0.1	1.40245961179485	0.582818087649097	89.9894166909414	0.837209302325581	0.400333333333333	0.240439879342014	0.316716377454188
m2	50	Egg	2	2	0.1	1.28769288230765	0.379972494977735	66.5916737735889	0.853100775193798	0.412095238095238	0.214645009028981	0.30733636994554
m3	50	Egg	2	2	0.1	1.67595725898249	0.246153546239826	54.5610335741553	0.74390243902439	0.132166666666667	0.157745319609128	0.0526147460808586
m4	50	Egg	2	2	0.1	1.71748690068065	0.348939971371304	76.9583646822164	0.779931972789116	0.304690476190476	0.206018286935573	0.219396137206323
m5	50	Egg	2	2	0.1	2.19533009483105	0.329785804772535	65.9610722164415	0.627536231884058	0.1245	0.144181092483911	0.0504538652675048
m6	50	Egg	2	2	0.1	1.38273644429142	0.414041353806994	66.5916737778947	0.83963963963964	0.39	0.234113654327415	0.301874544205622
m7	50	Egg	2	2	0.1	1.29638928381769	0.413483581976794	57.6381700744218	0.831782945736434	0.420142857142857	0.245908692403616	0.325350377812015
m1	51	Egg	2	2	1e-04	0.728506270183255	0.864169634327905	83.9535329598634	0.942982456140351	0.517071428571429	0.26794107604861	0.431054592466357
m2	51	Egg	2	2	1e-04	0.344287013033638	0.206864174140768	65.7306595107534	0.975378787878788	0.522880952380952	0.27146398910718	0.451331502741945
m3	51	Egg	2	2	0.1	1.63413542719485	0.191155586175816	54.5610335741553	0.746124031007752	0.158785714285714	0.135293896294979	0.0761390474264618
m4	51	Egg	2	2	0.1	1.26913628175607	0.380564593040921	82.7364998954121	0.9	0.377095238095238	0.245710533695453	0.288079130542155
m5	51	Egg	2	2	0.1	1.68536187642605	0.348712709253082	58.1873718459868	0.729166666666667	0.205666666666667	0.192715546093065	0.127532395855389
m6	51	Egg	2	2	0.1	0.944735420119228	0.362780733116933	73.8190850354456	0.936333333333333	0.466666666666667	0.252729210563508	0.380983811488679
m7	51	Egg	2	2	0	0.373005459441003	0.130297638446894	72.5643862644932	0.953153153153153	0.513571428571429	0.21624127722194	0.410417913570356
m1	52	Egg	2	2	1e-04	0.345971965155236	0.169523660476578	65.6723724365281	0.979824561403509	0.552857142857143	0.235174972495417	0.466701100886574
m2	52	Egg	2	2	1e-04	0.476220518223411	0.229922587884028	65.7209048908914	0.965579710144927	0.459452380952381	0.244660203266053	0.372536884790162
m3	52	Egg	2	2	0	1.02589274543503	0.193277771382681	48.8550485526746	0.874206349206349	0.283214285714286	0.180876536281066	0.190331859643395
m4	52	Egg	2	2	0	0.320973502016646	0.171550195130421	55.7572487463389	0.975462962962963	0.500857142857143	0.248536917616314	0.416501164742224
m5	52	Egg	2	2	0	0.947547487070393	0.207533234884722	59.7676282824273	0.897368421052632	0.237690476190476	0.188517482906654	0.128529267394048
m6	52	Egg	2	2	1e-04	0.554416625674155	0.236554007657701	80.6959241999074	0.964285714285714	0.431	0.211297366003247	0.332514198644768
m7	52	Egg	2	2	0.1	1.1813226338133	0.235403629521852	83.5467503824238	0.943537414965986	0.380333333333333	0.215118796404621	0.299089567934197
m1	53	Egg	2	2	1e-04	0.764239976464043	0.819946119774043	77.1521558670676	0.934375	0.584404761904762	0.225810895143614	0.499163767508789
m2	53	Egg	2	2	0	0.314086021720714	0.124910521272468	55.7121098219622	0.96625	0.566095238095238	0.22724737759174	0.482727692772398
m3	53	Egg	2	2	0	1.00289290344335	0.208632850292701	48.8550485526746	0.883333333333333	0.276	0.182025022638214	0.191168860242142
m4	53	Egg	2	2	0.1	1.09372180449371	0.273512996111277	72.9503995084888	0.923412698412698	0.48302380952381	0.229609150037789	0.403754467122589
m5	53	Egg	2	2	0.1	1.69108313624912	0.3471214547388	50.1424480196999	0.796969696969697	0.21397619047619	0.179702416501643	0.125723263089796
m6	53	Egg	2	2	1e-04	0.557806917350631	0.630247201471554	63.8190850342605	0.946929824561404	0.533166666666667	0.24599479660169	0.449682029284414
m1	54	Egg	2	2	0	4.41335160400025e-05	0.000196681762846418	84.8365173478997	1	0.720428571428571	0.295949657656758	0.668736007193868
m2	54	Egg	2	2	0	0.30553123832909	0.160453908454208	55.7438493058777	0.952777777777778	0.562333333333333	0.238561203491783	0.46710500860061
m3	54	Egg	2	2	0	1.41802525605262	0.227117951139084	47.833318375757	0.795634920634921	0.144833333333333	0.150805822779039	0.067358543747043
m4	54	Egg	2	2	1e-04	0.56482631334199	0.21131623285985	55.8063466621159	0.970325203252033	0.437	0.215029818097761	0.345172014792539
m5	54	Egg	2	2	0.1	1.38786830561709	0.263213896449807	57.0024326538746	0.79963768115942	0.301	0.230998661454379	0.20758595257324
m6	54	Egg	2	2	0	0.0291732228999657	0.134952832846158	86.3734642015636	1	0.704833333333333	0.293201062541043	0.646469578369137
m7	54	Egg	2	2	0	0.316790284773984	0.151440160614745	72.5643862644932	0.971241830065359	0.587119047619048	0.231613824739457	0.503402962395249
m1	55	Egg	2	2	1e-04	0.348042689928655	0.155761907619668	87.391482439201	0.963513513513514	0.542285714285714	0.264143460192078	0.460759635409004
m2	55	Egg	2	2	1e-04	0.375132435025413	0.15425049364093	65.7307163540175	0.963666666666667	0.536666666666667	0.264331102100374	0.45076987167705
m3	55	Egg	2	2	0.1	1.69534725481887	0.241299199326408	54.5610293364934	0.740217391304348	0.108428571428571	0.143812111951074	0.0490213552294857
m4	55	Egg	2	2	1e-04	0.509524234894226	0.16027949533405	65.7515229355591	0.978240740740741	0.489357142857143	0.233031888749371	0.399665599069
m5	55	Egg	2	2	1e-04	1.23511500404819	0.572794315187181	54.9094400489902	0.877380952380952	0.344666666666667	0.223404431117364	0.238842400703551
m6	55	Egg	2	2	0	0.304066273208527	0.209175668205285	79.4268925475213	0.96937984496124	0.543166666666667	0.261675673781799	0.469218092418953
m7	55	Egg	2	2	0	0.289290917296307	0.166198588468896	55.8081267108553	0.978846153846154	0.480452380952381	0.259152377940273	0.384216067836048
m1	56	Egg	2	2	0	0.330470506749174	0.17117194370357	77.9888440883041	0.96241134751773	0.548714285714286	0.260326791266267	0.457162249174334
m2	56	Egg	2	2	0	0.291769418990102	0.167373314921922	55.7438493058777	0.979591836734694	0.548666666666667	0.270787602976809	0.46951023170378
m3	56	Egg	2	2	0	1.5125998447385	0.240787455953573	47.833318375757	0.771481481481481	0.113119047619048	0.147365721207117	0.0486425799165643
m4	56	Egg	2	2	1e-04	0.552172847665916	0.26100077892749	55.7917767843013	0.98125	0.468880952380952	0.209643548528695	0.36281981568946
m5	56	Egg	2	2	0.1	1.30038758343097	0.218252514919622	54.9094400489902	0.872463768115942	0.301333333333333	0.205243825871478	0.195709805978048
m6	56	Egg	2	2	0	0.342588822344711	0.208541520941559	65.7333648515315	0.965666666666667	0.58652380952381	0.242392726684346	0.504633517036906
m7	56	Egg	2	2	0	0.328830535850242	0.143146142272578	72.5643862644932	0.975793650793651	0.5465	0.245334265970207	0.467640230822858
m1	57	Egg	2	2	0.1	1.72328655056044	0.560857316562031	89.7120711335116	0.765555555555556	0.317809523809524	0.203147116647233	0.232110695851647
m2	57	Egg	2	2	0.1	1.45012656044593	0.335757797396899	66.5916737740842	0.817948717948718	0.337833333333333	0.220674598309241	0.251560462328695
m3	57	Egg	2	2	0.1	1.60521924973924	0.246929012617507	54.5610335741553	0.769444444444444	0.154619047619048	0.150195067738072	0.075135783687224
m4	57	Egg	2	2	0.1	1.63352053518768	0.540537479980282	85.5108875459613	0.768888888888889	0.29952380952381	0.231708224000905	0.198953330503347
m5	57	Egg	2	2	0.1	1.93878783301721	0.424122704504074	59.0267375213465	0.658333333333333	0.203928571428571	0.186881782762184	0.131879058906883
m6	57	Egg	2	2	0.1	1.70309841499625	0.518428239346635	91.8943372257029	0.745185185185185	0.358119047619048	0.214110904860972	0.275208478555415
m7	57	Egg	2	2	0.1	1.53679496751151	0.361008591557451	66.5916737745779	0.755902777777778	0.376166666666667	0.201345850503931	0.286936513765364
m1	58	Egg	2	2	1e-04	0.309592852262126	0.121677460429097	87.3914824391645	0.973423423423423	0.528	0.244779225781136	0.449151266029471
m2	58	Egg	2	2	1e-04	0.36692708859512	0.187877278042891	65.7306595107534	0.966666666666667	0.511261904761905	0.248265670452298	0.425984680174898
m3	58	Egg	2	2	0.1	1.62426184433083	0.231967647482598	54.5610335741553	0.778787878787879	0.122928571428571	0.161921969136255	0.0471543013678564
m4	58	Egg	2	2	0	0.314081116299238	0.264111068783109	65.751535080928	0.985416666666667	0.5585	0.23741612022231	0.477142643705056
m5	58	Egg	2	2	0.1	1.28111731931698	0.241051018267933	55.1193510294993	0.849259259259259	0.287880952380952	0.194887910529574	0.177957466013931
m6	58	Egg	2	2	0	0.292337469011831	0.176004019806532	79.4268925475213	0.975462962962963	0.519452380952381	0.262269861181741	0.444748360335317
m7	58	Egg	2	2	0	0.321197553760792	0.165637503336737	55.8081267108553	0.956746031746032	0.553642857142857	0.230071251475276	0.46298635197717
m1	59	Egg	2	2	0	0.31806731621431	0.198363844634709	68.733373582306	0.968992248062015	0.532071428571429	0.272507508305663	0.450439521936139
m2	59	Egg	2	2	0	0.297152714644446	0.16492904305972	71.02567210524	0.975	0.543666666666667	0.226136982611429	0.448589323406039
m3	59	Egg	2	2	0	1.50610328194018	0.230151577177732	47.833318375757	0.747348484848485	0.116190476190476	0.127622403809616	0.0510727896735446
m4	59	Egg	2	2	0	0.308741273519031	0.146422276747892	45.8204410478262	0.963768115942029	0.571166666666667	0.247635904030913	0.494666929971412
m5	59	Egg	2	2	0	0.953888349996293	0.210532269930693	59.7676282824273	0.893162393162393	0.253785714285714	0.190792814943438	0.156619630280343
m6	59	Egg	2	2	0	0.282794126208007	0.17990743133621	70.1635518691721	0.958843537414966	0.578952380952381	0.26936927568603	0.491804425217551
m7	59	Egg	2	2	0	0.308647242844065	0.17055598218488	72.5643862644932	0.953070175438597	0.525440476190476	0.24708339308179	0.444202506383595
m1	60	Egg	2	2	0.1	1.42927494855271	0.389630193794594	90.4657736126489	0.830833333333333	0.351619047619048	0.199468153794085	0.262904455233873
m2	60	Egg	2	2	0.1	1.24204503572296	0.343552897280399	72.8673992797578	0.85709219858156	0.393404761904762	0.237961206863565	0.304737791194313
m3	60	Egg	2	2	0	1.43792797406266	0.232490938945347	47.833318375757	0.777027027027027	0.142690476190476	0.161720127512581	0.0711804850094492
m4	60	Egg	2	2	0.1	1.71780169096184	0.419496447971024	61.0903549744303	0.752777777777778	0.283142857142857	0.195616569069222	0.193180052064504
m5	60	Egg	2	2	0.1	2.09058461114489	0.314806866015819	62.5476101235009	0.612280701754386	0.141761904761905	0.141904156617631	0.0759992035746615
m6	60	Egg	2	2	0.1	1.3782374439072	0.505304330726583	76.5916737756316	0.868518518518518	0.327595238095238	0.236105222621711	0.248099466885301
m7	60	Egg	2	2	0.1	1.22437031334281	0.39361973232729	57.6381700744218	0.854563492063492	0.414928571428571	0.259460776464316	0.331620041321086
m1	61	Egg	2	2	0.1	1.29022792392315	0.398747411415821	89.0754002665691	0.858518518518519	0.414166666666667	0.225809120050746	0.322592986723422
m3	61	Egg	2	2	0.1	1.63783676226677	0.25339836687228	54.5610293364934	0.723703703703704	0.155928571428571	0.160522526470232	0.0682225498286879
m4	61	Egg	2	2	0.1	1.32027331595837	0.327131366990382	82.7364998954121	0.881746031746032	0.353857142857143	0.218006229592188	0.261708501760045
m5	61	Egg	2	2	0.1	1.60797871244911	0.323965506624934	58.1873718022465	0.767054263565891	0.216285714285714	0.173065086928095	0.120633708229317
m6	61	Egg	2	2	0.1	1.38644772124374	0.462152741662165	67.6381700731842	0.821376811594203	0.44375	0.203381814471974	0.343810415109462
m7	61	Egg	2	2	0.1	1.29635061553631	0.453664357316279	57.6381700740619	0.822727272727273	0.411833333333333	0.255518235334346	0.321893062153313
m1	62	Egg	2	2	0.1	1.12119285619695	0.273533987810879	97.3262024037848	0.917857142857143	0.369190476190476	0.208436226910098	0.272344048821029
m2	62	Egg	2	2	0.1	1.08993021193624	0.254388086568765	65.7473469628174	0.943197278911565	0.379690476190476	0.222263821863883	0.299797278286161
m3	62	Egg	2	2	0.1	1.65443612205741	0.249811363031181	54.5610293364934	0.768421052631579	0.120190476190476	0.166122067701717	0.0527762605831866
m4	62	Egg	2	2	0.1	1.2834302211733	0.362966763517014	82.7364998954121	0.87625	0.36747619047619	0.214742503888373	0.26184138041208
m5	62	Egg	2	2	0.1	1.71549598898049	0.388929884867329	58.1873718541876	0.713565891472868	0.242333333333333	0.170386436074601	0.15678119113307
m6	62	Egg	2	2	0.1	1.18102784527818	0.254141151724201	83.8190850408107	0.91875	0.35402380952381	0.212244755107058	0.260641920171332
m7	62	Egg	2	2	0.1	1.16511466686867	0.229023529557358	83.5467503824238	0.914236111111111	0.38	0.214538357826958	0.296846123196579
m1	63	Egg	2	2	0.1	0.8097067733888	0.312308355623337	73.8190850337269	0.928623188405797	0.558452380952381	0.253003075559763	0.486295407342514
m2	63	Egg	2	2	1e-04	0.353570318138459	0.136646419299874	80.1448636334881	0.967460317460317	0.5325	0.223874852305813	0.445628122053262
m3	63	Egg	2	2	0.1	1.70487495876532	0.208268761847708	62.7434142295122	0.722868217054264	0.148619047619048	0.147147059999658	0.0680254266804269
m4	63	Egg	2	2	0.1	1.30488675052521	0.37909805206889	74.2955572808305	0.898106060606061	0.36152380952381	0.234640818494849	0.27671861314898
m5	63	Egg	2	2	0.1	1.69062497385754	0.319298165578273	62.4509799104219	0.784126984126984	0.193428571428571	0.163215179036038	0.114635234010709
m6	63	Egg	2	2	0.1	0.936639808721141	0.301399077294657	63.8190850342605	0.915503875968992	0.512047619047619	0.248633273669571	0.430452234534983
m7	63	Egg	2	2	0	0.376834317913358	0.202918552295686	72.5643862644932	0.978231292517007	0.555285714285714	0.228779662041763	0.468432753208483
m1	64	Egg	2	2	0.1	0.947135371391121	0.306679618309935	63.8190850342077	0.919318181818182	0.544642857142857	0.232422655471112	0.466223848105551
m2	64	Egg	2	2	0	0.271511970174188	0.174550181999997	55.7438493058777	0.979268292682927	0.596333333333333	0.252557957478124	0.515632428780346
m3	64	Egg	2	2	0	1.45498366461376	0.24163990154042	47.833318375757	0.784146341463415	0.127857142857143	0.144520736872753	0.0579647381012065
m4	64	Egg	2	2	0.1	1.45813385213348	0.381031747193111	47.6381700808848	0.838775510204082	0.414952380952381	0.249660682712279	0.326330190228179
m6	64	Egg	2	2	1e-04	0.880877029125677	0.915583207972323	63.8190850342605	0.938461538461538	0.521357142857143	0.268157136266907	0.445233107656439
m7	64	Egg	2	2	0	0.27666045274428	0.164013920649392	72.5643862644932	0.972222222222222	0.5605	0.246406895245834	0.480113989271598
m1	65	Egg	2	2	0	0.324217124699409	0.170651431038442	65.686282927949	0.952884615384615	0.577357142857143	0.245877271945181	0.481761115695898
m2	65	Egg	2	2	0	0.346843572918797	0.181782571308888	71.0256721052412	0.965277777777778	0.56	0.241546179182967	0.465013384348237
m3	65	Egg	2	2	0	1.4552486171558	0.219953187201352	47.833318375757	0.758527131782946	0.13147619047619	0.150776781922719	0.0551565514110655
m4	65	Egg	2	2	1e-04	1.00321800253912	0.272688234104141	53.1833475919149	0.867666666666667	0.31547619047619	0.183906514521674	0.213461059684845
m5	65	Egg	2	2	0.1	1.73018619145659	0.201563737195602	56.1967784770929	0.685964912280702	0.155666666666667	0.149620170051351	0.0796734604771792
m6	65	Egg	2	2	0	0.384292603254	0.209826202450762	80.7074071102656	0.947142857142857	0.497404761904762	0.243364515180226	0.385143859265477
m7	65	Egg	2	2	0	0.331853166396361	0.148470810949275	72.5643862644932	0.961363636363636	0.558380952380952	0.224004009119492	0.471232975357975
m1	66	Egg	2	2	0.1	1.23544610706016	0.53038472891602	70.3120540960232	0.850877192982456	0.395880952380952	0.228441585444853	0.309633167362383
m2	66	Egg	2	2	0.1	1.20777132137035	0.432468325935109	57.6381700955904	0.85	0.430738095238095	0.243966121612138	0.342513946108563
m3	66	Egg	2	2	0	1.50112354373655	0.280479263343566	47.833318375757	0.766176470588235	0.147785714285714	0.169220540043152	0.0768697646130511
m4	66	Egg	2	2	0.1	1.28516617836027	0.319882703863772	57.6381700667282	0.859333333333333	0.428666666666667	0.211311441366825	0.323256531803867
m5	66	Egg	2	2	0.1	1.45300156506822	0.387678687347858	54.3682867943276	0.815697674418605	0.266071428571429	0.202790202458482	0.18157110537896
m6	66	Egg	2	2	0.1	1.37914999044924	0.482745229321718	57.6381700640783	0.83018018018018	0.404857142857143	0.238239234955577	0.316905124432059
m7	66	Egg	2	2	0.1	1.33558729065844	0.391903907495762	57.6381700744218	0.812765957446808	0.42	0.224833146762832	0.327616781092433
m1	67	Egg	2	2	0.1	1.32019325547718	0.438457426353638	90.4657736126489	0.858730158730159	0.367404761904762	0.234449894715757	0.276959539394961
m2	67	Egg	2	2	0.1	1.105366601334	0.409802270427045	57.6381700678351	0.887280701754386	0.410142857142857	0.231510341910084	0.328062568163707
m3	67	Egg	2	2	0	1.46532422488002	0.237218039657388	47.833318375757	0.769259259259259	0.14752380952381	0.143812709207894	0.0660407158361535
m4	67	Egg	2	2	0.1	1.68768093632495	0.452690489611715	61.3982287362059	0.770740740740741	0.298285714285714	0.220591076026043	0.19678041728437
m5	67	Egg	2	2	0.1	2.0392843927893	0.395468487526849	62.5476100597523	0.611363636363636	0.139690476190476	0.161641785905396	0.0646828370904458
m6	67	Egg	2	2	0.1	1.40430597262676	0.450203672888731	76.8097252798677	0.841458333333333	0.36847619047619	0.22763811577248	0.273179831064563
m7	67	Egg	2	2	0.1	1.21451786175181	0.340601710524634	57.6381700740619	0.876797385620915	0.395690476190476	0.23910217451779	0.314587330754479
m1	68	Egg	2	2	0.1	0.848985364682473	0.302172795365171	73.9458908366647	0.939444444444444	0.444690476190476	0.203677018766511	0.355946003563991
m2	68	Egg	2	2	0	0.361453756358381	0.154493911811671	55.7121098219622	0.968939393939394	0.526857142857143	0.233030322241728	0.43563937351366
m3	68	Egg	2	2	0	0.995698613879451	0.19666293368518	48.8550485526746	0.884090909090909	0.28052380952381	0.189216729573761	0.195886618043288
m4	68	Egg	2	2	0.1	1.06683608281808	0.308264451575475	81.3744904680836	0.908333333333333	0.435547619047619	0.234376503866084	0.348610230369966
m5	68	Egg	2	2	0.1	1.75489168371296	0.363427961650501	58.1873718459868	0.679059829059829	0.21097619047619	0.16917439135464	0.126735468426777
m6	68	Egg	2	2	0.1	0.936807136942807	0.345098750472839	73.8190850354456	0.917	0.491880952380952	0.253935805782472	0.404587456887399
m7	68	Egg	2	2	0	0.326720854627779	0.145841009663513	72.5643862644932	0.966279069767442	0.53947619047619	0.257974174183992	0.457404258454778
m1	69	Egg	2	2	0.1	1.48742782469133	0.471460791499242	66.7655520040367	0.767424242424242	0.422666666666667	0.209998663883302	0.334501410601609
m2	69	Egg	2	2	0.1	1.12474273590034	0.322574614720626	72.8673992797578	0.889922480620155	0.399761904761905	0.244765746185018	0.31514050612644
m3	69	Egg	2	2	0	1.44767858228632	0.247543929675521	47.833318375757	0.803508771929825	0.14102380952381	0.159503475188821	0.0719269803361669
m4	69	Egg	2	2	0.1	1.85539602365719	0.427378262974946	51.0903549677393	0.723684210526316	0.268761904761905	0.195800489869331	0.186883342560143
m5	69	Egg	2	2	0.1	2.09071551328871	0.35040108375875	54.5226310173483	0.644166666666667	0.116857142857143	0.130342354548049	0.0423862783120683
m6	69	Egg	2	2	0.1	1.55400699857868	0.393662854512919	66.5916737778947	0.792916666666667	0.395095238095238	0.229342189923251	0.30989410678011
m7	69	Egg	2	2	0.1	1.26566201819758	0.42580995054873	57.6381700744218	0.844642857142857	0.432190476190476	0.215100391404721	0.345276062979901
m1	70	Egg	2	2	0	5.98557619939068e-06	7.53475126319461e-06	75.5631477294849	1	0.697619047619048	0.269904499849327	0.640696587725999
m2	70	Egg	2	2	0	0.34561792923531	0.150383025826309	71.02567210524	0.958518518518519	0.539952380952381	0.243446497445698	0.442083603224732
m3	70	Egg	2	2	0	1.42626396504475	0.2492814395756	47.833318375757	0.754263565891473	0.140619047619048	0.165490877641242	0.0690323461567171
m4	70	Egg	2	2	0	0.349830922208948	0.151535670300476	45.8372286680096	0.967117117117117	0.531452380952381	0.220887637250612	0.444636319277758
m5	70	Egg	2	2	0	0.991025389014018	0.208908060697412	48.9319535942226	0.873913043478261	0.268166666666667	0.186769076645523	0.182126431539475
m6	70	Egg	2	2	0	5.5552519425908e-06	6.12033861782301e-06	77.0931219703758	1	0.712619047619048	0.293819128070581	0.659376937184424
m7	70	Egg	2	2	0	0.274302129222863	0.139320024133085	72.5643862644932	0.975438596491228	0.554190476190476	0.259134441000349	0.473981539333532
m1	71	Egg	2	2	0.1	1.44348912260479	0.513662618697555	89.1631984947808	0.826041666666667	0.369357142857143	0.230733385954109	0.287340709575055
m2	71	Egg	2	2	0.1	1.37344488634732	0.368510351697407	82.0110145208044	0.822619047619048	0.343047619047619	0.210900707788701	0.244222577442253
m3	71	Egg	2	2	0.1	1.65754536722145	0.232231293505562	54.5610335741553	0.755	0.138880952380952	0.144173848230112	0.0701202971902488
m4	71	Egg	2	2	0.1	1.29735764606588	0.371443415063208	82.7364998954121	0.886507936507936	0.333095238095238	0.220400308162672	0.240624322213413
m5	71	Egg	2	2	0.1	1.55154840196689	0.295673892382353	58.1873717987572	0.779931972789116	0.271238095238095	0.199714540091584	0.186170930423
m6	71	Egg	2	2	0.1	1.44045737490011	0.468057124456485	76.5916737765972	0.806439393939394	0.370690476190476	0.231999331564358	0.280560901287842
m7	71	Egg	2	2	0.1	1.49411719934545	0.379905123056422	66.5916737745779	0.809756097560976	0.31527380952381	0.214015117948491	0.23404409035377
m1	72	Egg	2	2	1e-04	0.303340024577625	0.187964037135649	65.6675324474276	0.952631578947368	0.541666666666667	0.253156282273954	0.459510585322606
m2	72	Egg	2	2	0	0.367528349456008	0.160349316222192	65.7111002323693	0.949145299145299	0.518523809523809	0.235343546050316	0.427757916377995
m3	72	Egg	2	2	1e-04	1.15305708993615	0.25431140380431	58.8497674085888	0.831597222222222	0.23097619047619	0.182360629606281	0.145393208793929
m4	72	Egg	2	2	1e-04	0.473600393920639	0.261513871931311	65.7546177624202	0.960714285714286	0.458714285714286	0.226701965917643	0.35803286597694
m5	72	Egg	2	2	0	0.923431020213481	0.188067269652122	46.8414993492399	0.903603603603604	0.24402380952381	0.208286085482714	0.158184171066161
m6	72	Egg	2	2	0	0.274458926521798	0.174017324884301	70.1635518691721	0.975238095238095	0.541952380952381	0.248603092419705	0.455342993633507
m7	72	Egg	2	2	0	0.320291000340054	0.152598552323642	55.8081267108553	0.979385964912281	0.536595238095238	0.248790945910764	0.454367064270465
m1	73	Egg	2	2	0.1	1.18378334327093	0.490065753028647	88.867409577929	0.878294573643411	0.474357142857143	0.227892222532533	0.385358586490368
m2	73	Egg	2	2	0.1	1.30508834115366	0.394381588878242	57.6381700678351	0.811574074074074	0.405571428571429	0.228990721923896	0.317335968496207
m3	73	Egg	2	2	0	1.48421569496098	0.238731557375959	47.833318375757	0.785714285714286	0.134095238095238	0.173125016873673	0.0737176632725893
m4	73	Egg	2	2	0.1	1.37539399301667	0.331766740376151	60.5492017426113	0.790740740740741	0.288857142857143	0.227796475694541	0.198234975275071
m5	73	Egg	2	2	0.1	1.87309807622299	0.338966222767107	62.9699241727373	0.673170731707317	0.151119047619048	0.159905266037735	0.0770874114026391
m6	73	Egg	2	2	0.1	1.36842493989683	0.457114945199228	73.8190850408739	0.826068376068376	0.42922619047619	0.245382199812345	0.351062911333897
m7	73	Egg	2	2	0.1	1.25673563935973	0.368851832254309	57.6381700740619	0.84702380952381	0.444571428571429	0.242894648567177	0.355829550683916
m1	74	Egg	2	2	0.1	1.24364992972902	0.502202718899242	70.9537166826002	0.841666666666667	0.4295	0.237112907417959	0.336022383413688
m2	74	Egg	2	2	0.1	1.2597573518201	0.394876937981067	72.8673992797578	0.842592592592593	0.435714285714286	0.236376674112333	0.347026364964933
m3	74	Egg	2	2	0	1.47538474719501	0.242615396743618	47.833318375757	0.758518518518518	0.11952380952381	0.135389644032725	0.0543594777984164
m4	74	Egg	2	2	0.1	1.41101703584874	0.314432846071001	47.6381700808848	0.846014492753623	0.418333333333333	0.244702572618303	0.329454170128609
m5	74	Egg	2	2	0.1	1.75327435258251	0.481863518869635	62.4509799104219	0.791025641025641	0.220714285714286	0.174185352105612	0.135894946283126
m6	74	Egg	2	2	0.1	1.34579728560184	0.460637501707424	57.6381700837453	0.83780487804878	0.401166666666667	0.238996728906004	0.317885525881318
m7	74	Egg	2	2	0.1	1.24407838585924	0.332041746297369	57.6381700744218	0.859848484848485	0.406095238095238	0.23411079749363	0.317729003767181
m1	75	Egg	2	2	0.1	0.859830511816341	0.264295046502933	87.419781625705	0.928205128205128	0.497333333333333	0.255090925889927	0.414162975698915
m2	75	Egg	2	2	1e-04	0.34992429864027	0.15503220091561	80.1448636334881	0.972380952380952	0.504738095238095	0.241020865070621	0.407004305604194
m3	75	Egg	2	2	0.1	1.65109973329457	0.252518150181829	62.7434142295122	0.690530303030303	0.146619047619048	0.161070829986015	0.0672394031799403
m4	75	Egg	2	2	0.1	1.24573488873837	0.325220645408736	74.2955572808305	0.896376811594203	0.394119047619048	0.196300577769721	0.289877655464548
m5	75	Egg	2	2	0.1	1.76099416765666	0.347979988934523	50.1421493197083	0.776422764227642	0.205333333333333	0.170097351144697	0.120021664733528
m6	75	Egg	2	2	1e-04	0.953317115696572	1.13635272916038	63.8190850342605	0.937735849056604	0.611785714285714	0.246324216378392	0.52776227040704
m7	75	Egg	2	2	0	0.281024571017002	0.174851545345179	72.5643862644932	0.954861111111111	0.58352380952381	0.269792602350929	0.502310678798517
m1	76	Egg	2	2	1e-04	0.372282117241861	0.180580095377069	75.6704554124868	0.973584905660377	0.590452380952381	0.241430581518368	0.502550147209994
m2	76	Egg	2	2	1e-04	0.351132596471751	0.217733140827857	65.7307163540175	0.959349593495935	0.504357142857143	0.279597432029236	0.422421203689746
m3	76	Egg	2	2	0.1	1.67778804174518	0.263764118157763	54.5610293364934	0.776811594202899	0.124857142857143	0.167537517339964	0.0655238285660384
m4	76	Egg	2	2	1e-04	0.490636596618006	0.159611836886295	65.7515229355591	0.971794871794872	0.490952380952381	0.258551270942346	0.409625965820473
m5	76	Egg	2	2	0.1	1.27654128603	0.213914576445525	67.3374671585217	0.857936507936508	0.252642857142857	0.174720180853214	0.139879134701239
m6	76	Egg	2	2	0	0.284212333916343	0.174850311212403	79.4268925475213	0.969736842105263	0.516119047619048	0.267254997387897	0.432224412339634
m7	76	Egg	2	2	0	0.302800062379297	0.161787797941372	72.5643862644932	0.960884353741497	0.58897619047619	0.248397058873593	0.503441780547094
m1	77	Egg	2	2	1e-04	0.00672744838799947	0.00713435900283559	84.2742089718801	1	0.661333333333333	0.285379216704741	0.605640692640693
m2	77	Egg	2	2	1e-04	0.311685991030818	0.171041561296132	65.7111002323693	0.974418604651163	0.563928571428571	0.250929323586869	0.493292554697317
m3	77	Egg	2	2	1e-04	1.14450037440718	0.327492115969232	58.8497674085888	0.871794871794872	0.211666666666667	0.177295748023227	0.118667452841139
m4	77	Egg	2	2	1e-04	0.217226420737464	0.374374454388565	79.8402970349784	1	0.648309523809524	0.284258817875506	0.587086215428461
m5	77	Egg	2	2	0	1.0053076545278	0.236204663918413	48.9319535942226	0.856818181818182	0.27802380952381	0.19008734208906	0.191830674545962
m6	77	Egg	2	2	0	7.93717970115488e-06	8.02888147198293e-06	77.0931219703758	1	0.681952380952381	0.302330136280708	0.615935064935065
m7	77	Egg	2	2	0	0.329982394355632	0.185734970289092	72.5643862644932	0.966239316239316	0.553095238095238	0.246824932837358	0.464945711790341
m1	78	Egg	2	2	0	0.289212374810366	0.165143864282132	77.9888440883041	0.967054263565891	0.567166666666667	0.258616440939338	0.487647317454152
m2	78	Egg	2	2	0	0.27794913481757	0.154837852935971	71.02567210524	0.972348484848485	0.6175	0.224238016382194	0.535583048554998
m3	78	Egg	2	2	0	1.48218392052392	0.226613794095487	47.833318375757	0.75969696969697	0.144952380952381	0.138689933773637	0.0624294033654035
m4	78	Egg	2	2	1e-04	0.514991163622841	0.233857145095636	55.7917767843013	0.942342342342342	0.44202380952381	0.225146542900955	0.339865223853403
m5	78	Egg	2	2	0.1	1.31704551778784	0.287154982343695	54.9094400489902	0.866319444444444	0.271214285714286	0.193033605632904	0.16762794486953
m6	78	Egg	2	2	0	0.466368130391771	0.997481477066075	65.7333648515315	0.96	0.538166666666667	0.264853844454935	0.452356791739887
m7	78	Egg	2	2	0	0.335202832577587	0.20411519306937	72.5643862644932	0.942424242424242	0.520619047619048	0.244283276454348	0.428720050742819
m1	79	Egg	2	2	1e-04	0.315044278136424	0.158224537924949	65.6766845029737	0.961437908496732	0.59447619047619	0.233720237578437	0.514171048758005
m2	79	Egg	2	2	1e-04	0.372710326388069	0.149051120846112	65.7307163540175	0.978494623655914	0.47202380952381	0.249784115083519	0.3858091608761
m3	79	Egg	2	2	0.1	1.6137492047147	0.27312148303174	54.5610293364934	0.730476190476191	0.132880952380952	0.165383189371228	0.061025316634662
m4	79	Egg	2	2	0	0.3431728487832	0.287407014902249	55.7751850109841	0.969767441860465	0.539071428571429	0.266388248587129	0.458473296950279
m5	79	Egg	2	2	0	0.944560140135244	0.172081224781383	46.8414993492399	0.891489361702128	0.2605	0.198304471204417	0.165432447402994
m6	79	Egg	2	2	0	0.280197025590233	0.157962863144445	70.1635518691721	0.969369369369369	0.536595238095238	0.250188928589072	0.454448504224532
m7	79	Egg	2	2	0	0.291463005201145	0.159803254068601	72.5643862644932	0.9525	0.525619047619048	0.292691017613868	0.449943326727998
m1	80	Egg	2	2	0.1	1.14503650497255	0.320778625118256	79.7356572655074	0.886046511627907	0.44652380952381	0.247908269875767	0.369650310623797
m2	80	Egg	2	2	0.1	1.2349434185773	0.401019193824483	81.539330677249	0.877407407407407	0.422809523809524	0.241846395681153	0.32181296079358
m3	80	Egg	2	2	0.1	1.66417621282732	0.268500379683269	54.5610293364934	0.735606060606061	0.134666666666667	0.158834136218518	0.0425335769303161
m4	80	Egg	2	2	0.1	1.38674845152114	0.494390536583209	74.2955572808305	0.874583333333333	0.335666666666667	0.251449445800722	0.244204489914425
m5	80	Egg	2	2	0.1	1.74915350048491	0.37143595369884	50.1422156106776	0.761111111111111	0.198880952380952	0.182454166241302	0.112823728165243
m6	80	Egg	2	2	0.1	1.27375791609731	0.34001848963292	57.6381700837453	0.845634920634921	0.424452380952381	0.220197136188435	0.33422463512237
m7	80	Egg	2	2	0.1	1.26048753615332	0.366328783071434	57.9251446249721	0.841666666666667	0.408309523809524	0.222954754043257	0.316823897647379
m1	81	Egg	2	2	0	0.317843406875722	0.22761875245235	55.6869369996994	0.974621212121212	0.547047619047619	0.273746070402336	0.462006502115847
m2	81	Egg	2	2	0	0.301567745202166	0.16355243114272	71.02567210524	0.969097222222222	0.579047619047619	0.266450343440565	0.490849395702337
m3	81	Egg	2	2	0	1.47721369108264	0.259821146743289	47.833318375757	0.734188034188034	0.119333333333333	0.135436278041196	0.0417154782420231
m4	81	Egg	2	2	0	0.299655857309726	0.135678102215205	64.6322287805417	0.966666666666667	0.57647619047619	0.234209827102506	0.483769885093868
m5	81	Egg	2	2	0	0.942343826325222	0.197601817401799	46.8414993492399	0.891830065359477	0.248690476190476	0.197614664960646	0.139857518581198
m6	81	Egg	2	2	0	0.309365899727556	0.167069588658319	70.1635518691721	0.95875	0.550119047619048	0.256570224237312	0.45464870073264
m7	81	Egg	2	2	0	0.312850190718854	0.196780330916946	72.5643862644932	0.969318181818182	0.56225	0.254787093950119	0.486414489729532
m1	82	Egg	2	2	0.1	1.42251310762867	0.377052272370896	89.9894166909414	0.828260869565217	0.393642857142857	0.217992642974552	0.30150264388188
m2	82	Egg	2	2	0.1	1.15264633236686	0.392393947078401	81.539330677249	0.897872340425532	0.418619047619048	0.234951438056964	0.329614338653857
m3	82	Egg	2	2	0.1	1.63345306205176	0.206009848656816	62.7434142295122	0.75462962962963	0.138333333333333	0.133973630921413	0.0575811227348951
m4	82	Egg	2	2	0.1	1.77083291636663	0.373420008806766	59.3642625321733	0.725	0.256833333333333	0.20084131409042	0.172952862471797
m5	82	Egg	2	2	0.1	2.12247806774901	0.323214241576106	54.5226310173483	0.621474358974359	0.159	0.155797430999914	0.0705696773251224
m6	82	Egg	2	2	0.1	1.44239332193295	0.446269147804725	66.5916737778947	0.821929824561404	0.382666666666667	0.24005377250208	0.302479919731013
m7	82	Egg	2	2	0.1	1.31355937008741	0.412095542344649	57.6381700744218	0.827836879432624	0.423119047619048	0.241856840562499	0.337405990865142
m1	83	Egg	2	2	0.1	1.05560677763729	0.259654988735378	83.9596097739365	0.925163398692811	0.397261904761905	0.2186219841015	0.30430603784799
m2	83	Egg	2	2	1e-04	1.00500659046667	0.946908728044654	65.7473469628174	0.971052631578947	0.439714285714286	0.234671360669057	0.343065499085794
m3	83	Egg	2	2	0.1	1.6909408070936	0.268150502267532	62.7434142295122	0.670707070707071	0.126952380952381	0.136896189371276	0.055288250432432
m4	83	Egg	2	2	0.1	1.3251110221062	0.289352613448398	82.7364998954121	0.875396825396825	0.335595238095238	0.20238318053268	0.242581850130063
m5	83	Egg	2	2	0.1	1.54953697942431	0.332644209238369	58.4176151262281	0.794507575757576	0.243785714285714	0.195250968908852	0.152688779721111
m6	83	Egg	2	2	0.1	1.16301107226442	0.242627833941559	99.6014212966675	0.929583333333333	0.339166666666667	0.199485519531634	0.246921060301248
m7	83	Egg	2	2	0.1	1.16793515288812	0.202338929326761	83.5467503824238	0.943089430894309	0.381214285714286	0.202294182513706	0.293898673917041
m1	84	Egg	2	2	1e-04	0.331063027080774	0.133423159235075	78.0037527792064	0.964227642276423	0.543452380952381	0.233090590179082	0.46058772920353
m2	84	Egg	2	2	1e-04	0.411567384042527	0.202048482344843	65.7306595107534	0.971180555555556	0.535261904761905	0.240967926224867	0.447690865469267
m3	84	Egg	2	2	0.1	1.64887372846192	0.237385704547016	62.7434142295122	0.70952380952381	0.113666666666667	0.145226708485263	0.053537867050036
m4	84	Egg	2	2	1e-04	0.434963896363838	0.171570300835425	55.7751356134945	0.963398692810458	0.580833333333333	0.225211896730017	0.496337887636935
m5	84	Egg	2	2	0	0.94814243454472	0.154602711254507	59.7676282824273	0.918148148148148	0.270619047619048	0.184338094878379	0.161518443454629
m6	84	Egg	2	2	0	0.319913113095537	0.146602934166229	70.1635518691721	0.970175438596491	0.534285714285714	0.238184927792037	0.445393048400464
m7	84	Egg	2	2	0	0.306394638388279	0.162756129723247	72.5643862644932	0.958333333333333	0.516523809523809	0.249684475296807	0.430684039992678
m1	85	Egg	2	2	0.1	0.876210505721182	0.424023561695279	63.8190850342077	0.936666666666667	0.558357142857143	0.246298671709075	0.483438173825083
m2	85	Egg	2	2	0	0.325395713317158	0.156073743553334	55.7438493058777	0.953191489361702	0.5675	0.24109708798768	0.478700114284967
m3	85	Egg	2	2	0	1.47225056961878	0.210927640510584	47.833318375757	0.765957446808511	0.130190476190476	0.156508946312991	0.0556638693512301
m4	85	Egg	2	2	0.1	1.37207371823113	0.390635489105542	47.6381700808848	0.877450980392157	0.359785714285714	0.237444974222844	0.281034378770127
m5	85	Egg	2	2	0.1	1.77809645859786	0.367262824276089	62.4509799104219	0.778455284552846	0.18302380952381	0.168722174860898	0.0973187739061532
m6	85	Egg	2	2	0.1	0.931722119144356	0.306606928874243	63.8190850342605	0.935526315789474	0.47502380952381	0.244328108736682	0.390087844963063
m7	85	Egg	2	2	0	0.338191264125694	0.132997026679049	72.5643862644932	0.963120567375886	0.565857142857143	0.251343129221194	0.482416916416916
m1	86	Egg	2	2	0	0.261025663152657	0.176204125402521	78.1771083561239	0.967592592592593	0.509880952380952	0.279908008884668	0.435161969956727
m2	86	Egg	2	2	0	0.282370284957598	0.134035545898911	71.0256721052412	0.969583333333333	0.559833333333333	0.23556487435039	0.482897534511799
m3	86	Egg	2	2	0	1.46141489886119	0.244033806988733	47.833318375757	0.808666666666667	0.162309523809524	0.16214616266313	0.0821102002217731
m4	86	Egg	2	2	1e-04	0.556958769319451	0.263922783141832	55.5451774936288	0.952777777777778	0.4585	0.225723615053492	0.363745726291968
m5	86	Egg	2	2	0.1	1.38293236682138	0.275368484969355	57.0024325580026	0.800606060606061	0.322166666666667	0.221666666666667	0.240920937651436
m6	86	Egg	2	2	1e-04	0.442868079511415	0.151197278054406	79.6721678537228	0.957291666666667	0.526261904761905	0.219086162355479	0.437831943906306
m7	86	Egg	2	2	0	0.339737984726181	0.13148769020942	72.5643862644932	0.954761904761905	0.513214285714286	0.252816285087333	0.427862791427834
m1	87	Egg	2	2	1e-04	0.121158016116557	0.0864167979310143	94.2901596037132	1	0.693857142857143	0.304188143615331	0.647119052729027
m2	87	Egg	2	2	1e-04	0.49632182900348	0.223840029081952	65.7209048908914	0.974561403508772	0.435547619047619	0.237173119366209	0.345716892796311
m3	87	Egg	2	2	0	1.05294003291867	0.289973864325505	48.8550485526746	0.847222222222222	0.24552380952381	0.192029584499317	0.147925667145035
m4	87	Egg	2	2	0	0.0510707369632692	0.12799614634193	78.8230071950795	1	0.631404761904762	0.299492362179753	0.576821629351041
m5	87	Egg	2	2	0.1	1.39512247536983	0.260742029645054	57.0024326538746	0.802708333333333	0.285047619047619	0.207815326595904	0.197546884494929
m6	87	Egg	2	2	1e-04	0.422415515720239	0.27508833226839	80.2083347883036	0.998571428571429	0.502666666666667	0.248188950864233	0.428284873144621
m7	87	Egg	2	2	0.1	1.20206894029494	0.268036865748183	83.5467503824238	0.915909090909091	0.35597619047619	0.217242044793932	0.271269686514386
m1	88	Egg	2	2	0.1	0.87257147398708	0.344174098556525	63.8190850317475	0.919369369369369	0.513166666666667	0.238054699531115	0.435304850128833
m2	88	Egg	2	2	0	0.314597211979605	0.165884989381492	71.02567210524	0.963953488372093	0.588285714285714	0.22876967513063	0.505202608985218
m3	88	Egg	2	2	0	1.4621183734424	0.247067523655688	47.833318375757	0.754814814814815	0.147357142857143	0.142929633283468	0.0657809634874859
m4	88	Egg	2	2	0.1	1.26744062098813	0.395139912479002	57.6381700667282	0.875886524822695	0.399833333333333	0.247733780122317	0.307774136186133
m5	88	Egg	2	2	0.1	1.63478578365857	0.392945517048259	54.3682867940656	0.773983739837398	0.267666666666667	0.193827592985285	0.187058815260036
m6	88	Egg	2	2	0.1	0.933340618760447	0.273809293054649	63.8190850452672	0.920440251572327	0.553357142857143	0.263146972119412	0.478906194222639
m7	88	Egg	2	2	0	0.279162616879774	0.160221844909961	72.5643862644932	0.969512195121951	0.539869047619048	0.262784144764734	0.463577073395488
m1	89	Egg	2	2	0.1	1.27462338502873	0.508665362222193	89.0754002665691	0.849319727891157	0.415619047619048	0.253964718590111	0.328325510638057
m2	89	Egg	2	2	0.1	1.31672146011733	0.29693346086143	81.539330677249	0.845634920634921	0.401809523809524	0.213534603656952	0.306840632320956
m3	89	Egg	2	2	0.1	1.65499478187101	0.201107696160677	62.7434142295122	0.753658536585366	0.125928571428571	0.142564995085004	0.0601135562935538
m4	89	Egg	2	2	0.1	1.31436170353434	0.352354483048461	82.7364998954121	0.850740740740741	0.361785714285714	0.236464200562075	0.256237711784797
m5	89	Egg	2	2	0.1	1.73029172575968	0.481183615281446	69.9325136074581	0.76125	0.188166666666667	0.176705970470723	0.107391808532474
m6	89	Egg	2	2	0.1	1.20374115929276	0.405502098228149	67.6381700731842	0.867992424242424	0.418369047619048	0.227394598471376	0.323232679720934
m7	89	Egg	2	2	0.1	1.29639886425692	0.42235998642587	57.6381700740619	0.837777777777778	0.404952380952381	0.223093191138763	0.317015001033685
m1	90	Egg	2	2	0.1	1.30594907757015	0.425896590824995	89.0754002665691	0.843589743589744	0.404357142857143	0.223952768779777	0.310136521619898
m2	90	Egg	2	2	0.1	1.1476979747872	0.478062443465301	81.539330677249	0.870833333333333	0.392761904761905	0.247802804870058	0.300091374817924
m3	90	Egg	2	2	0.1	1.65833854975846	0.243500877351308	54.5610335741553	0.72875	0.140380952380952	0.148895134585031	0.0642107706733769
m4	90	Egg	2	2	0.1	1.37388882027353	0.365139210609166	82.7364998954121	0.858943089430894	0.316666666666667	0.216957846299015	0.229931482506301
m5	90	Egg	2	2	0.1	1.72382659284534	0.342753569551701	58.1873717987572	0.712019230769231	0.254690476190476	0.173776560619987	0.15175781694197
m6	90	Egg	2	2	0.1	1.29759345492477	0.474638218363977	67.6381700731842	0.843910256410256	0.402404761904762	0.203364893020482	0.304592954264062
m7	90	Egg	2	2	0.1	1.24422157552947	0.332915789553792	57.6381700744218	0.865942028985507	0.44602380952381	0.223891906843917	0.363919254170739
m1	91	Egg	2	2	0.1	0.857244785052784	0.235643256355391	73.9458908366647	0.923684210526316	0.463047619047619	0.235779862708439	0.378667283473238
m2	91	Egg	2	2	0	0.336726126054116	0.134830551628676	55.7121098219622	0.946296296296296	0.571619047619048	0.237302837256067	0.477386446886447
m3	91	Egg	2	2	0	1.00805836933356	0.215993750933756	48.8550485526746	0.835	0.256285714285714	0.200362288967472	0.160149418875884
m4	91	Egg	2	2	0.1	1.17189282576803	0.324414420417531	81.3744904680836	0.891481481481481	0.409904761904762	0.241653952991945	0.327552990118032
m5	91	Egg	2	2	0.1	1.74227820475757	0.399896243329689	58.1873718459868	0.714414414414414	0.200404761904762	0.173166744854855	0.120610372707217
m6	91	Egg	2	2	0.1	1.04078290596542	0.416932081693221	73.8190850354456	0.918421052631579	0.444952380952381	0.20066864111028	0.35270091420968
m7	91	Egg	2	2	0	0.279216360692609	0.172692667663773	72.5643862644932	0.985606060606061	0.577642857142857	0.242476263164685	0.493462200807775
m1	92	Egg	2	2	0.1	0.922501394587123	0.339066192882444	63.8190850342077	0.917117117117117	0.488880952380952	0.245594513270976	0.409663569912611
m2	92	Egg	2	2	0	0.35852539105544	0.144684360287975	71.02567210524	0.930208333333333	0.476833333333333	0.265198980840487	0.378765840187918
m3	92	Egg	2	2	0	1.43720620583097	0.252582733483014	47.833318375757	0.773404255319149	0.131595238095238	0.150403861292055	0.0635664811214071
m4	92	Egg	2	2	0.1	1.29962813317396	0.332291425215722	47.6381700808848	0.875886524822695	0.444928571428571	0.253274588181	0.361701587449484
m5	92	Egg	2	2	0.1	1.69253795832211	0.32779058164528	62.4509799104219	0.809895833333333	0.186166666666667	0.157795115706936	0.101755109807828
m6	92	Egg	2	2	1e-04	0.849156110283534	1.03534809088141	63.8190850342605	0.945652173913043	0.566261904761905	0.2756970212856	0.488007707112896
m7	92	Egg	2	2	0	0.276334324115358	0.174491469691163	55.8081267108553	0.972695035460993	0.580309523809524	0.249592502129043	0.500800607994156
m1	93	Egg	2	2	1e-04	0.372351178888549	0.215696947013369	87.5933611648464	0.972463768115942	0.577166666666667	0.26636825685577	0.496507715854586
m2	93	Egg	2	2	1e-04	0.477574582825454	0.161814219994651	65.7209048908914	0.954444444444444	0.48452380952381	0.217008383253187	0.384749402499606
m3	93	Egg	2	2	0	1.05078562950003	0.176484926954549	48.8550485526746	0.861363636363636	0.236880952380952	0.177913167047994	0.146057146814342
m4	93	Egg	2	2	0	0.395946752154013	0.331915295336429	65.5451774908511	0.962962962962963	0.514095238095238	0.25148080192697	0.422425562363522
m5	93	Egg	2	2	0.1	1.27293779956068	0.251569585798507	54.9094400489902	0.892424242424242	0.290619047619048	0.223819711577201	0.202154426290819
m6	93	Egg	2	2	1e-04	0.628854755439103	0.277274502015109	89.9403647321774	0.983333333333333	0.389333333333333	0.243057590179074	0.303131407248116
m7	93	Egg	2	2	0.1	1.14408675641926	0.20934320493062	83.5467503824238	0.951428571428571	0.382214285714286	0.20970532361226	0.297406219006487
m1	94	Egg	2	2	1e-04	0.436219129650491	0.18211179025516	79.7931981393314	0.959469696969697	0.506166666666667	0.260133081282549	0.424409394952873
m2	94	Egg	2	2	0	0.292139912452193	0.193922997005719	55.7438338890235	0.973484848484849	0.579666666666667	0.253533723685855	0.490299674145396
m3	94	Egg	2	2	0	1.43883189931867	0.232837354431964	47.833318375757	0.76712962962963	0.143142857142857	0.150698033024709	0.0638381466619552
m4	94	Egg	2	2	0.1	1.52254259938253	0.306371677183353	50.8703375422315	0.8375	0.304428571428571	0.223768844869881	0.227727222266225
m5	94	Egg	2	2	0.1	1.98053157622605	0.290019918299988	54.6944287125494	0.68	0.138428571428571	0.146708943326866	0.059925473077647
m6	94	Egg	2	2	1e-04	0.411231485255112	0.254550252110012	65.7515807842991	0.978174603174603	0.5175	0.292281698828815	0.452348608233199
m7	94	Egg	2	2	0	0.309582070548365	0.248402103506453	72.5643862644932	0.969907407407407	0.52347619047619	0.263892283717816	0.443445265600974
m1	95	Egg	2	2	0	0.313695920139112	0.162466727323231	68.733373582306	0.953968253968254	0.528119047619048	0.267385629566449	0.441938370799683
m2	95	Egg	2	2	0	0.291193381841753	0.156000796146959	55.7438493058777	0.973255813953488	0.585333333333333	0.233961156329755	0.503277842928872
m3	95	Egg	2	2	0	1.51877458038498	0.208360004366856	47.833318375757	0.759090909090909	0.118285714285714	0.152075089858281	0.0615615963320567
m4	95	Egg	2	2	0	0.325380186312822	0.171351284756588	45.8204410478262	0.965942028985507	0.570761904761905	0.233760218510604	0.478023296271959
m5	95	Egg	2	2	0	0.92739569736502	0.163990008178461	59.7676282824273	0.900793650793651	0.22852380952381	0.173670597518488	0.128648408421323
m6	95	Egg	2	2	0	0.288838831549949	0.131013284783824	70.1635518691721	0.971851851851852	0.578619047619048	0.241959497922431	0.494035861870715
m7	95	Egg	2	2	0	0.302087263929826	0.135044975056325	72.5643862644932	0.974444444444444	0.569119047619048	0.235532493386861	0.493855968753492
m1	96	Egg	2	2	0.1	1.03548313739447	0.426613888128039	63.9939906639915	0.906122448979592	0.542285714285714	0.235755244933954	0.451686395520913
m2	96	Egg	2	2	0.1	0.969111531982067	0.375107495276106	80.0604378267328	0.946428571428571	0.455154761904762	0.249803460101841	0.368229897085507
m3	96	Egg	2	2	0	1.0194685534624	0.198655708079862	48.8550485526746	0.853252032520325	0.309285714285714	0.19717754073286	0.217242111469094
m4	96	Egg	2	2	0.1	1.21498213263173	0.319336807845875	72.9503995084888	0.866666666666667	0.486190476190476	0.217025402188922	0.38348187355333
m5	96	Egg	2	2	0.1	1.79875854186972	0.352131379419385	62.4509799104219	0.774621212121212	0.2075	0.158838482157779	0.120727404518727
m6	96	Egg	2	2	0.1	1.33885073009432	0.452935892750511	57.6381700837453	0.827083333333333	0.413238095238095	0.240071719435101	0.326527206016739
m7	96	Egg	2	2	0.1	1.24763651018055	0.299277786347231	57.6381700740619	0.85718954248366	0.420619047619048	0.187097015731864	0.332625970161209
m1	97	Egg	2	2	0.1	1.32460156016983	0.415473711831076	81.2649970562838	0.851388888888889	0.437047619047619	0.244396727038033	0.355919159742576
m2	97	Egg	2	2	0.1	1.16342500629107	0.438626414705206	57.6381700955904	0.865	0.4145	0.230193582224654	0.324951348626623
m3	97	Egg	2	2	0	1.51258476938715	0.233225363025804	47.833318375757	0.745744680851064	0.107761904761905	0.140195102802862	0.0462974727508153
m4	97	Egg	2	2	0.1	1.8839633078075	0.373729611032477	51.0903549677393	0.712083333333333	0.271	0.19756684927553	0.190371194981489
m5	97	Egg	2	2	0.1	2.19966929024192	0.360288443633026	54.5226310173483	0.61780303030303	0.118166666666667	0.144834264196348	0.0488502052082615
m6	97	Egg	2	2	0.1	1.4547298650555	0.423775900318185	66.5916737778947	0.806292517006803	0.430928571428571	0.258570647941017	0.339601804631856
m7	97	Egg	2	2	0.1	1.21411149940729	0.395956291175688	57.6381700744218	0.844326241134752	0.473785714285714	0.246171466866493	0.386509856228595
m1	98	Egg	2	2	0.1	1.51250916285066	0.488232308882147	90.4657736126489	0.826950354609929	0.364452380952381	0.21349682561193	0.277765141920203
m2	98	Egg	2	2	0.1	1.1648971343044	0.412764872238571	57.6381700678351	0.862121212121212	0.454666666666667	0.25839861369659	0.373299491747516
m3	98	Egg	2	2	0	1.50482783511682	0.24315306411168	47.833318375757	0.754074074074074	0.114428571428571	0.161290966506747	0.0379175497265064
m4	98	Egg	2	2	0.1	1.61910856994102	0.384366332188405	61.0903549957485	0.757083333333333	0.298690476190476	0.196240745683415	0.200288812207373
m5	98	Egg	2	2	0.1	2.09731878897345	0.411863624331423	62.5476100597523	0.623404255319149	0.142119047619048	0.160937998324233	0.0711036955234629
m6	98	Egg	2	2	0.1	1.50210512280593	0.596098460115962	76.8097252798677	0.802857142857143	0.337404761904762	0.225184414831535	0.24435019176278
m7	98	Egg	2	2	0.1	1.28571923926292	0.348520016655282	57.6381700740619	0.850833333333333	0.410952380952381	0.255725343111974	0.33823946654826
m1	99	Egg	2	2	0.1	0.836834307470251	0.293001417179532	96.7995801659606	0.921153846153846	0.537071428571429	0.245520638174614	0.453031267762158
m2	99	Egg	2	2	1e-04	0.385405768730357	0.195580075283882	80.1448636334881	0.93875	0.505	0.241459042356675	0.407258909462234
m3	99	Egg	2	2	0.1	1.67581823206106	0.275119601943127	54.5610293364934	0.72687074829932	0.156285714285714	0.171334189185859	0.0751900834672574
m4	99	Egg	2	2	0.1	1.22490797691284	0.319989373495518	82.7364998954121	0.922962962962963	0.37652380952381	0.225509854187454	0.29071097392556
m5	99	Egg	2	2	0.1	1.79599234187218	0.432496380869955	58.1873718541876	0.667320261437908	0.230119047619048	0.208614322979221	0.14293781680978
m6	99	Egg	2	2	0.1	0.951595182344091	0.340024770026928	73.8190850354456	0.925694444444444	0.470642857142857	0.255380061950018	0.384595429880509
m7	99	Egg	2	2	0	0.312912809017318	0.149650565561092	72.5643862644932	0.973577235772358	0.538119047619048	0.238814089194179	0.440871756464529
m1	100	Egg	2	2	0.1	1.15729962234448	0.44940477447695	70.9537166826002	0.862666666666667	0.473285714285714	0.242192636994638	0.38694308080592
m2	100	Egg	2	2	0.1	1.21972647922398	0.422327856540677	72.8673992797578	0.862121212121212	0.416166666666667	0.248491012693518	0.341499397235331
m3	100	Egg	2	2	0	1.4357680583969	0.242782297964668	47.833318375757	0.75886524822695	0.147714285714286	0.155417790985105	0.0743566110998975
m4	100	Egg	2	2	0.1	1.36746696910613	0.318655215927129	47.9515282100753	0.845238095238095	0.405166666666667	0.203270983802405	0.306846815980757
m5	100	Egg	2	2	0.1	1.73933063698841	0.421429582395506	50.1422156106776	0.757692307692308	0.184928571428571	0.178494309144922	0.103779315137898
m6	100	Egg	2	2	0.1	1.28474645917619	0.350625694815436	57.6381700837453	0.833914728682171	0.407952380952381	0.258024120984416	0.330648268456649
m7	100	Egg	2	2	0.1	1.28751427535031	0.348158723091829	57.6381700744218	0.847967479674797	0.408238095238095	0.212819907795812	0.318509402394395
