Model	Iteration	Variable	Subsampled	MinObs	decay	logLoss	logLossSD	AIC	AUC	Accuracy	AccuracySD	Kappa
m1	1	Egg	2	2	0.1	0.955352895361335	0.24540429220201	150.067746864449	0.943394777265745	0.53225	0.203716000508076	0.472254007549559
m2	1	Egg	2	2	0.1	0.981544730134745	0.247609655295956	141.023710239991	0.960952380952381	0.502369047619048	0.211756389882212	0.442389604909664
m3	1	Egg	2	2	0	1.01148163440251	0.181925606960965	80.5032492413685	0.914705882352941	0.247345238095238	0.161500699622655	0.176063410011743
m4	1	Egg	2	2	0.1	1.257492375392	0.315349669899491	103.54517749141	0.895173745173745	0.52559126984127	0.21169498971685	0.464731787849213
m5	1	Egg	2	2	0.1	2.0381444851169	0.339259943991896	105.336112321678	0.709065934065934	0.170678571428571	0.144351219361059	0.1051324928042
m6	1	Egg	2	2	0.1	1.20128804646196	0.335673865414794	120.317766231943	0.916666666666667	0.422638888888889	0.213957516937613	0.361672001750701
m7	1	Egg	2	2	0.1	1.27561871115133	0.309371629285672	107.364262520607	0.892380952380952	0.422880952380952	0.212285274015526	0.3556112416514
m1	2	Egg	2	2	1e-04	0.0383724364288518	0.054884919724386	146.156824501308	1	0.693142857142857	0.249621046304765	0.652953139769531
m2	2	Egg	2	2	0	2.18540048409437e-06	2.25001463477258e-06	137.728361253426	1	0.682571428571429	0.2422960064186	0.640213410960677
m3	2	Egg	2	2	0	1.05333991292779	0.233605781438731	80.5032492413685	0.924358974358974	0.281396825396825	0.169467373774283	0.21583134572284
m4	2	Egg	2	2	1e-04	0.720829660825011	0.827132049365795	115.819085032652	0.963585434173669	0.609095238095238	0.227439874860403	0.556958625704143
m5	2	Egg	2	2	0.1	1.69227762993099	0.213413815200873	94.4701536513472	0.833537414965986	0.249595238095238	0.173663368346333	0.188881103274166
m6	2	Egg	2	2	1e-04	0.0432877111690393	0.0604429877816507	150.150404036227	1	0.714904761904762	0.243118633332241	0.677516830940231
m7	2	Egg	2	2	0	0.21626157222677	0.102729017080077	129.770923939055	0.982334869431644	0.588357142857143	0.22104671180756	0.535111895594171
m1	3	Egg	2	2	0.1	0.979962270608042	0.287564503353659	151.393186430357	0.945	0.472369047619048	0.200168729574241	0.406113462926178
m2	3	Egg	2	2	0.1	1.01085677277309	0.231990244768869	142.012844684112	0.954703832752613	0.534178571428571	0.232846382497432	0.478821015165884
m3	3	Egg	2	2	0	0.950787216320322	0.248914077810137	80.5032492413685	0.903694581280788	0.270440476190476	0.17091080209659	0.199930006546345
m4	3	Egg	2	2	0.1	1.05672780757003	0.201802929756152	116.120686091294	0.946774193548387	0.497535714285714	0.214631838934455	0.433203461731688
m5	3	Egg	2	2	0.1	1.86842622334928	0.292672235338146	115.999069008633	0.7375	0.219142857142857	0.168333115435363	0.152831913586761
m6	3	Egg	2	2	0.1	1.3421990203157	0.308090917764639	111.183347557113	0.858571428571429	0.355142857142857	0.17862271830361	0.285204442173451
m7	3	Egg	2	2	0.1	1.32870223818297	0.264694406975855	98.9094400084308	0.917901234567901	0.323765873015873	0.183282049765433	0.254274752588293
m1	4	Egg	2	2	1e-04	0.766053568359931	0.876761151567032	115.819085029713	0.966666666666667	0.587928571428571	0.216828482724349	0.528791193139535
m2	4	Egg	2	2	0	0.233669530394745	0.130253175296144	128.56207538631	0.988968253968254	0.597305555555556	0.204550816771602	0.539504929099514
m3	4	Egg	2	2	0	0.981744715761472	0.251282826421257	80.5032492413685	0.930576441102757	0.247904761904762	0.151996241308478	0.181038373465888
m4	4	Egg	2	2	1e-04	0.711389848118684	0.735943764755763	101.819085039776	0.962820512820513	0.57027380952381	0.226979047095499	0.51098881224064
m5	4	Egg	2	2	0.1	1.72017596889928	0.26139058752539	82.6096023691144	0.790652557319224	0.213547619047619	0.1405415770571	0.142480639700415
m6	4	Egg	2	2	1e-04	1.05050458652173	0.643118017043024	116.892573856664	0.925850340136054	0.367940476190476	0.167433067050292	0.296505253310084
m7	4	Egg	2	2	0	0.695501327620749	0.174910457865245	108.964348489865	0.948888888888889	0.361714285714286	0.17658967036367	0.289146764238855
m1	5	Egg	2	2	0	0.250020990252158	0.10253264791307	121.578136633818	0.971768707482993	0.583853174603175	0.217291343511042	0.524426331263683
m2	5	Egg	2	2	0	0.230718920969047	0.10208123401429	103.81488698851	0.986177248677249	0.575857142857143	0.24938194391882	0.518136525559871
m3	5	Egg	2	2	0	0.96085955745465	0.160123798922602	80.5032492413685	0.916714285714286	0.264107142857143	0.172596312629318	0.200028011950584
m4	5	Egg	2	2	0	0.234480618010334	0.110801373241385	127.674556337701	0.983888888888889	0.582992063492063	0.212782376925138	0.516472031674129
m5	5	Egg	2	2	0	0.674829871367632	0.130495839087353	110.590192159119	0.951269841269841	0.369857142857143	0.167753608834468	0.298645180356835
m6	5	Egg	2	2	0	0.203356756842017	0.132115017404991	124.826978236448	0.987634408602151	0.585535714285714	0.224608679802916	0.525940137224493
m7	5	Egg	2	2	0	0.456401336678071	0.138984641944894	119.365567978428	0.962925170068027	0.466646825396825	0.212283731655521	0.401305120373121
m1	6	Egg	2	2	1e-04	0.626295077485702	0.674666361273774	115.819085029713	0.971320346320346	0.544531746031746	0.211680015046146	0.487539372299503
m2	6	Egg	2	2	0	0.247361572616764	0.108651252666439	103.827009929674	0.98578231292517	0.593714285714286	0.223196052165337	0.537703290318313
m3	6	Egg	2	2	0	0.983658453445899	0.153948780842702	80.5032492413685	0.911507936507936	0.269210317460317	0.168686653564341	0.203501191427968
m4	6	Egg	2	2	0.1	1.0324012062247	0.173383158567754	101.819085039776	0.939955357142857	0.552686507936508	0.207632936709891	0.491331729607784
m5	6	Egg	2	2	0.1	1.86246221287803	0.311949236306393	102.220922062246	0.801960784313726	0.204904761904762	0.156282907414754	0.142018225288661
m6	6	Egg	2	2	0.1	1.25536805533606	0.257002942979969	98.9094400485113	0.92953514739229	0.34422619047619	0.154103139228566	0.275245362619724
m7	6	Egg	2	2	0	0.700839768547745	0.185351814048033	108.964348489865	0.955882352941176	0.343738095238095	0.190791782505805	0.273459089505684
m1	7	Egg	2	2	0.1	1.46886639243757	0.50725661034978	143.819085040644	0.851234567901235	0.378464285714286	0.194121053262109	0.316653491109271
m2	7	Egg	2	2	0.1	1.28937599456469	0.318053331675112	156.934549257622	0.905008210180624	0.401666666666667	0.217217069902586	0.341098176884649
m3	7	Egg	2	2	0.1	1.68823262701298	0.202016681867478	94.5310887268312	0.855646258503401	0.178440476190476	0.138847001803446	0.110666677647562
m4	7	Egg	2	2	0.1	1.27506460683612	0.317933496393967	130.136658611242	0.913725490196078	0.445904761904762	0.19964733617655	0.382756444753053
m5	7	Egg	2	2	0.1	1.93961474841401	0.259928237978081	117.053715381261	0.738553113553114	0.184071428571429	0.137613894243184	0.116364989120973
m6	7	Egg	2	2	0.1	1.63439985450803	0.444168434892579	123.457255122966	0.800176366843034	0.317837301587302	0.176274390926673	0.249635670513339
m7	7	Egg	2	2	0.1	1.53548949061811	0.367245297692391	111.183347544166	0.847893772893773	0.345380952380952	0.165671138638806	0.272029735712794
m1	8	Egg	2	2	1e-04	0.683710794335146	0.89014902221236	115.819085032545	0.966436251920123	0.593904761904762	0.217825059339663	0.534111084304517
m2	8	Egg	2	2	0.1	0.972726162715226	0.290680348745133	141.023710239991	0.954451345755694	0.510416666666667	0.214702468381235	0.450762281617315
m3	8	Egg	2	2	0	0.989997881596053	0.189098250946565	80.5032492413685	0.891321044546851	0.265071428571429	0.158032467184582	0.191806429894017
m4	8	Egg	2	2	1e-04	1.01076703763666	0.594429003804302	101.81908503271	0.948253968253968	0.569619047619048	0.205229122318359	0.513406512905645
m5	8	Egg	2	2	0.1	1.7353369086729	0.325170234748035	101.808028700805	0.808	0.207988095238095	0.170205111134734	0.144369848434292
m6	8	Egg	2	2	1e-04	0.886392387126967	0.704250761290816	107.364262508165	0.961309523809524	0.469083333333333	0.174783575881175	0.396707788316687
m7	8	Egg	2	2	0.1	1.29718024124277	0.25712997854152	107.364262520607	0.875738916256158	0.432746031746032	0.200721800611764	0.368271201906128
m1	9	Egg	2	2	0	0.209639624539228	0.126123023011979	122.570612949327	0.983333333333333	0.597714285714286	0.21351933125939	0.539198885438255
m2	9	Egg	2	2	0	0.222844528518508	0.136175710618161	103.81488698851	0.980670426065163	0.626349206349206	0.22431104878077	0.56718069419151
m3	9	Egg	2	2	0	0.969054930732995	0.156257763919811	80.5032492413685	0.919230769230769	0.262551587301587	0.170411525437958	0.195415970925838
m4	9	Egg	2	2	0	0.235273385684303	0.131020135522847	128.603169892189	0.983333333333333	0.564535714285714	0.188212049550758	0.499913765965042
m5	9	Egg	2	2	0	1.05608246197102	0.218321665577794	80.4697360449912	0.91025641025641	0.246210317460317	0.165546296296777	0.176975619746037
m6	9	Egg	2	2	0	0.48252823571384	0.141863450010322	113.28831532902	0.964710884353742	0.454063492063492	0.191660804445896	0.380487209671425
m7	9	Egg	2	2	0	0.464037794214108	0.1122204901223	119.365567978428	0.957301587301587	0.489583333333333	0.186191618332457	0.426610456479278
m1	10	Egg	2	2	0.1	1.05027640009682	0.298918967878847	128.772588749737	0.926190476190476	0.495257936507936	0.216472750901293	0.429532076904128
m2	10	Egg	2	2	0.1	1.03182719894722	0.252623012137356	142.012844684112	0.951111111111111	0.487083333333333	0.187117940684268	0.419001180489155
m3	10	Egg	2	2	0	1.05455211394352	0.177763639111081	80.5032492413685	0.877072310405644	0.243924603174603	0.152677392636861	0.169563620808601
m4	10	Egg	2	2	0.1	1.32055211240293	0.282134536647329	103.545177474214	0.895977011494253	0.460555555555556	0.207053917462105	0.395320051825751
m5	10	Egg	2	2	0.1	2.13051775670138	0.31165923676738	105.235356538038	0.721532091097308	0.132238095238095	0.126179435385118	0.0799587201033498
m6	10	Egg	2	2	0.1	1.44761812558437	0.337456246465057	112.05551077067	0.880145929339478	0.307468253968254	0.17826041699172	0.233293190015137
m7	10	Egg	2	2	0.1	1.43637118133551	0.28471334982877	98.9094400084308	0.8746336996337	0.349583333333333	0.159722491104252	0.284740314021338
m1	11	Egg	2	2	0.1	0.947777008254515	0.292268878275684	117.708883047365	0.955952380952381	0.490154761904762	0.226386895742276	0.424755111249517
m2	11	Egg	2	2	0.1	1.12943293233935	0.279134541493092	143.477603060181	0.942680776014109	0.437952380952381	0.229786189018395	0.375543962803754
m3	11	Egg	2	2	1e-04	1.64275613380968	0.749346342517107	94.2737026374166	0.867142857142857	0.191674603174603	0.138209002445163	0.117882688417993
m4	11	Egg	2	2	1e-04	0.855818210932561	0.711218075828924	117.788653233781	0.978125	0.51443253968254	0.211871534048761	0.454312005338915
m5	11	Egg	2	2	0.1	1.547543674014	0.311107455342046	88.728526924149	0.858225108225108	0.26102380952381	0.179537599482106	0.181576436532775
m6	11	Egg	2	2	1e-04	0.983374847907781	0.813943691608215	107.364262514476	0.954135338345865	0.497972222222222	0.206968742996206	0.434158712682059
m7	11	Egg	2	2	0.1	1.42628814880464	0.292246349794452	98.909439997435	0.877876984126984	0.349345238095238	0.17390827999191	0.276871451970951
m1	12	Egg	2	2	0.1	1.12235393944155	0.36150109962088	131.54517748847	0.945578231292517	0.400436507936508	0.195817990790695	0.331248342967101
m2	12	Egg	2	2	0.1	1.21873180797861	0.295671265284845	117.545177476551	0.923376623376623	0.465607142857143	0.189528038834824	0.39981855336144
m3	12	Egg	2	2	0.1	1.69698651042555	0.175285750677304	94.5310893822053	0.854070660522273	0.176916666666667	0.130821012313195	0.110180699413085
m4	12	Egg	2	2	0.1	1.22690281992638	0.23321237171404	131.841070824879	0.941825396825397	0.414904761904762	0.187445257589696	0.3444752634532
m5	12	Egg	2	2	0.1	1.65141086507353	0.25182388797241	93.7325492646423	0.821587301587302	0.21906746031746	0.161723316124607	0.136130375410768
m6	12	Egg	2	2	0.1	1.28098854215102	0.295276827319245	111.394221449901	0.911309523809524	0.384698412698413	0.181418052657309	0.308495961530938
m7	12	Egg	2	2	0.1	1.47378920760312	0.284263438439231	98.909439997435	0.873739495798319	0.359678571428571	0.173424910065783	0.290779676861619
m1	13	Egg	2	2	0.1	1.00844717178416	0.321097403069378	128.952618537549	0.924039938556068	0.553464285714286	0.205480666907299	0.489559548195059
m2	13	Egg	2	2	0.1	1.02744841647204	0.259161858534971	142.012844684112	0.95007215007215	0.507535714285714	0.234175225237683	0.452119708162718
m3	13	Egg	2	2	0	0.998327989654276	0.172735391001251	80.5032492413685	0.924	0.273880952380952	0.155333316302199	0.203019583132941
m4	13	Egg	2	2	0.1	1.24029687934096	0.274867136155771	117.545177484588	0.909761904761905	0.516206349206349	0.227682980565687	0.455652787017489
m5	13	Egg	2	2	0.1	2.03113308160659	0.263484558670425	116.902523107893	0.730627705627706	0.178706349206349	0.154102497680482	0.11683388250743
m6	13	Egg	2	2	0.1	1.39789661400064	0.320086765671383	120.317766229948	0.869761904761905	0.431686507936508	0.178793195761023	0.359569084487528
m7	13	Egg	2	2	0.1	1.25616166688457	0.226912015047394	98.9094399909973	0.932103174603175	0.387880952380952	0.194170182347275	0.3147124658384
m1	14	Egg	2	2	1e-04	0.853349914853909	0.699817647374707	130.012091336384	0.953205128205128	0.510059523809524	0.20741939660373	0.446012589646829
m2	14	Egg	2	2	0.1	0.933489849798054	0.216419901138278	141.023710239991	0.952591036414566	0.51693253968254	0.237675810724151	0.461267151039071
m3	14	Egg	2	2	0	1.01669433355761	0.184071639322925	80.5032492413685	0.906190476190476	0.267515873015873	0.180196214101817	0.198425619921238
m4	14	Egg	2	2	0.1	1.02748109671763	0.221074185590268	115.819085031352	0.945714285714286	0.481857142857143	0.241043746064149	0.423456381161023
m5	14	Egg	2	2	0.1	1.7359518346207	0.338759722185669	94.9174890038422	0.781336405529954	0.215845238095238	0.175504095014521	0.151691894726535
m6	14	Egg	2	2	0.1	1.01917043987256	0.357234470351966	119.638170080375	0.922303921568628	0.511785714285714	0.228772352116119	0.450984323721405
m7	14	Egg	2	2	0.1	1.130117007656	0.25210850329979	107.364262520607	0.919546850998464	0.4725	0.210970731191234	0.408713097581874
m1	15	Egg	2	2	0	0.233576314179051	0.116535997933009	123.942348200846	0.989136904761905	0.632821428571429	0.218391027081745	0.5776695653673
m2	15	Egg	2	2	0	0.255828984899317	0.0909321359463093	128.56207538631	0.982208994708995	0.587297619047619	0.217916376387741	0.528866788714146
m3	15	Egg	2	2	0	0.971782584423719	0.190885456282136	80.5032492413685	0.905114638447972	0.249154761904762	0.154824264548146	0.181696809817025
m4	15	Egg	2	2	0	0.2271453952966	0.112040933771852	129.250952938545	0.982183908045977	0.597972222222222	0.206737640956287	0.542497946824744
m5	15	Egg	2	2	0	0.967599867922815	0.170449460840923	80.5032525831625	0.926388888888889	0.288269841269841	0.163336815758389	0.22327458181165
m6	15	Egg	2	2	0	0.688277042734649	0.135846727268958	103.51684229622	0.946869488536155	0.357361111111111	0.170042292382241	0.287006513707201
m7	15	Egg	2	2	0	0.707254542880647	0.156501409058606	108.964348489865	0.936904761904762	0.33409126984127	0.186742030818647	0.257897340849654
m1	16	Egg	2	2	0.1	1.06468445767433	0.320726370513647	128.772588749737	0.924489795918367	0.559154761904762	0.180847661450204	0.488046753915291
m2	16	Egg	2	2	0.1	0.981918429462919	0.209741412585628	142.012844684112	0.96031746031746	0.52902380952381	0.200310389542769	0.46859780732749
m3	16	Egg	2	2	0	1.03756278696061	0.206193484045257	80.5032492413685	0.909404761904762	0.25052380952381	0.144124302312457	0.182559456392832
m4	16	Egg	2	2	0.1	1.20884611002509	0.322763380410397	103.545177475881	0.936458333333333	0.490781746031746	0.224401086537655	0.428639568349439
m5	16	Egg	2	2	0.1	2.13910639173393	0.316388629014001	105.235356538038	0.713238095238095	0.127738095238095	0.113146462890751	0.0719308393130145
m6	16	Egg	2	2	0.1	1.41019024989993	0.338245374447754	112.055510762678	0.868857142857143	0.346154761904762	0.158505058191735	0.26988906148751
m7	16	Egg	2	2	0.1	1.46561548493371	0.340550815627177	98.9094400084308	0.88015873015873	0.359190476190476	0.182557647023668	0.293289102347901
m1	17	Egg	2	2	0.1	0.867770364009071	0.276323010779682	115.819085032471	0.95452380952381	0.514420634920635	0.243059435235206	0.459140046490683
m2	17	Egg	2	2	0.1	0.980751298874453	0.204525497724087	142.012844684112	0.95679012345679	0.497424603174603	0.195832384000802	0.437208888603081
m3	17	Egg	2	2	0	0.941699435972019	0.204370584675194	80.5032492413685	0.900748299319728	0.263043650793651	0.175808942930783	0.192616827369604
m4	17	Egg	2	2	1e-04	0.982173890347296	0.854852015168464	101.819085039776	0.952619047619048	0.572793650793651	0.22147053517519	0.511803564757993
m5	17	Egg	2	2	0.1	1.8017336059267	0.267925467229873	82.6096062209748	0.792396313364055	0.219043650793651	0.145739525737978	0.147414242573942
m6	17	Egg	2	2	0.1	1.34572775104638	0.355380481660689	98.909440012027	0.905627705627706	0.354404761904762	0.172374476358494	0.280505297721203
m7	17	Egg	2	2	0.1	1.39936894744711	0.270359711090953	98.9094400084308	0.862936507936508	0.34190873015873	0.188278820797556	0.272710824409235
m1	18	Egg	2	2	1e-04	0.836667643155076	0.815877085673025	115.819085032545	0.952469135802469	0.577706349206349	0.211852026791078	0.517511635563993
m2	18	Egg	2	2	0.1	0.940089418844245	0.257331225392677	141.023710239991	0.956175595238095	0.545515873015873	0.205001391041968	0.483570813168464
m3	18	Egg	2	2	0	0.95457069030044	0.232367318040312	80.5032492413685	0.920903361344538	0.263107142857143	0.176097857945486	0.192106320103714
m4	18	Egg	2	2	1e-04	0.679460608680181	0.635506631824388	101.81908503271	0.963577863577864	0.576142857142857	0.246269605264819	0.519772186254646
m5	18	Egg	2	2	0.1	1.76962893781584	0.275263323298653	101.808028700805	0.797544642857143	0.225789682539683	0.139437080897825	0.164555900089075
m6	18	Egg	2	2	0.1	1.12889294790131	0.300699962647082	107.364262508165	0.89733893557423	0.49475	0.182585327046234	0.431863591586938
m7	18	Egg	2	2	0.1	1.17552932502553	0.315134691386478	107.364262520607	0.905357142857143	0.467357142857143	0.220071351149748	0.406261994612772
m1	19	Egg	2	2	1e-04	0.634451456533425	0.737424383230553	135.785314043687	0.960526315789474	0.612202380952381	0.228695927130444	0.554077559297833
m2	19	Egg	2	2	0	0.196577918202395	0.111002805715434	127.571005331052	0.99294532627866	0.54972619047619	0.223930947011116	0.486661299718184
m3	19	Egg	2	2	0	0.989964909326655	0.212339715588298	80.5032492413685	0.908128078817734	0.23431746031746	0.168223113327943	0.164879994425987
m4	19	Egg	2	2	0.1	0.973103871140805	0.307465886124786	101.81908503271	0.938847117794486	0.492	0.227481573801693	0.432646001113719
m5	19	Egg	2	2	0.1	1.68562853896867	0.359390240443717	101.808028700805	0.822196620583717	0.219654761904762	0.160480384456552	0.15543423299426
m6	19	Egg	2	2	0.1	0.9733380670743	0.206244424749938	126.85244568448	0.950985221674877	0.432972222222222	0.211083104349036	0.371002833483482
m7	19	Egg	2	2	0	0.453255808149522	0.179660310322258	119.365567978428	0.95796130952381	0.465166666666667	0.214428738811973	0.401606303365868
m1	20	Egg	2	2	0.1	0.972995542315286	0.27267577470237	130.012091336384	0.92962962962963	0.468980158730159	0.194260931871786	0.406693589722144
m2	20	Egg	2	2	0.1	0.893872145222026	0.220138349292028	141.023710239991	0.96559934318555	0.519515873015873	0.214134467761106	0.461234612199857
m3	20	Egg	2	2	0	0.946930382533342	0.173748460538685	100.122333544321	0.899585921325052	0.251492063492063	0.163066666387614	0.184062561826096
m4	20	Egg	2	2	0.1	1.10700796144353	0.275649652144336	116.1128684102	0.934375	0.473130952380952	0.217615843081779	0.410155164042594
m5	20	Egg	2	2	0.1	1.78505592202048	0.331883258027129	115.518861845718	0.795	0.205178571428571	0.165722033977494	0.146385573573391
m6	20	Egg	2	2	0.1	1.0609246240866	0.387308884000259	119.638170080375	0.894761904761905	0.498968253968254	0.231891665712503	0.441334459993406
m7	20	Egg	2	2	0.1	1.30675378883069	0.332153509392626	107.364262520607	0.880952380952381	0.423884920634921	0.207805420720469	0.361404140817936
m1	21	Egg	2	2	0.1	1.03529421220749	0.368601403093359	128.772588742139	0.934057971014493	0.494928571428571	0.192769430882266	0.429883198271376
m2	21	Egg	2	2	0.1	0.93740631348882	0.237582998846745	141.023710239991	0.958231292517007	0.515952380952381	0.215631348803521	0.458575428179226
m3	21	Egg	2	2	0	1.01672371161513	0.195658941492008	80.5032492413685	0.924272486772487	0.262928571428571	0.144738990158127	0.196160416108409
m4	21	Egg	2	2	0.1	1.16277120660418	0.28789255404635	103.545177494001	0.930680272108844	0.494134920634921	0.225110920043747	0.434809124035355
m5	21	Egg	2	2	0.1	2.13427549561538	0.311055886177241	105.336112321678	0.681457431457431	0.145488095238095	0.135988715956999	0.0811404589258698
m6	21	Egg	2	2	0.1	1.30030595291896	0.34807752020436	120.514245899141	0.896428571428571	0.406178571428571	0.198713674679636	0.339928725509284
m7	21	Egg	2	2	0.1	1.31122601581168	0.355272458297314	107.364262520607	0.886011904761905	0.459873015873016	0.171622441948753	0.390867507181245
m1	22	Egg	2	2	0.1	1.11712671681262	0.294957440220976	131.54517748847	0.929953917050691	0.423392857142857	0.194142532567543	0.356844820191744
m2	22	Egg	2	2	0.1	1.14388504605548	0.248742370005524	117.545177476551	0.936652236652237	0.474365079365079	0.197447145572933	0.412239592486634
m3	22	Egg	2	2	0.1	1.68409833468239	0.187315804915281	94.2737026374166	0.856043956043956	0.189440476190476	0.15196652690471	0.123848790916365
m4	22	Egg	2	2	0.1	1.21873229448652	0.341681464710826	131.841070157084	0.944797178130511	0.403214285714286	0.221835729347026	0.338126615614366
m5	22	Egg	2	2	0.1	1.65293450387464	0.261211891626712	114.622128733376	0.817972350230415	0.225107142857143	0.147011123805946	0.150111769808843
m6	22	Egg	2	2	0.1	1.17706633024206	0.250939004018908	130.613344908798	0.915584415584416	0.361357142857143	0.224814516948645	0.29629185846901
m7	22	Egg	2	2	0.1	1.30899005429173	0.226456409829783	98.909439997435	0.8925	0.368595238095238	0.176073094096826	0.294119661505315
m1	23	Egg	2	2	0.1	0.923586307935199	0.333568714048697	126.000107290233	0.942651888341544	0.551222222222222	0.225358345461009	0.494650700236262
m2	23	Egg	2	2	0.1	1.19475182775961	0.316964056067379	143.477603060181	0.918055555555556	0.474579365079365	0.181250859815939	0.407307249421165
m3	23	Egg	2	2	0.1	1.70042666975438	0.208931866767765	94.2737026401681	0.871045918367347	0.177765873015873	0.14992775252117	0.116348879381453
m4	23	Egg	2	2	1e-04	0.81110183734489	0.782648745433785	112.000112260816	0.971387520525452	0.596821428571429	0.236352451323669	0.545346478148789
m5	23	Egg	2	2	0.1	1.57917116690446	0.201090826504448	83.5516344642169	0.867741935483871	0.23547619047619	0.15946984737862	0.172824864560479
m6	23	Egg	2	2	0.1	1.01301510399694	0.264774228913692	107.364262525926	0.925992063492064	0.518619047619048	0.203831945852075	0.457358191808284
m7	23	Egg	2	2	0.1	1.38842521365309	0.289140567106192	98.9094399994006	0.910857142857143	0.326484126984127	0.167148560646928	0.259307435182132
m1	24	Egg	2	2	1e-04	0.837986636167969	0.806157077013616	140.000199217435	0.970046082949309	0.599753968253968	0.231892308974967	0.541007289678539
m2	24	Egg	2	2	0.1	1.05835018109576	0.277046526749638	126.000167937825	0.927941176470588	0.549777777777778	0.219068518915669	0.49298988192699
m3	24	Egg	2	2	0.1	1.72892258457745	0.230325670289589	94.2737026401681	0.84	0.152738095238095	0.144620797233855	0.0899947599509129
m4	24	Egg	2	2	0.1	1.2632295872866	0.335959367351376	144.538033608147	0.932352941176471	0.465821428571429	0.236227056002161	0.406763701775735
m5	24	Egg	2	2	0.1	1.98130131695234	0.286966852592597	106.020948464674	0.74375	0.14668253968254	0.145694356627277	0.0813086302615128
m6	24	Egg	2	2	0.1	1.18671028959644	0.270188106958436	121.364262531857	0.913227513227513	0.412178571428571	0.19757665526695	0.348942990241191
m7	24	Egg	2	2	0.1	1.20154874478885	0.296182689821653	107.364262520607	0.903479853479853	0.434047619047619	0.192300740139361	0.372594611040079
m1	25	Egg	2	2	0.1	0.85368065202532	0.237170163738615	115.819085032545	0.9501443001443	0.532615079365079	0.242500110194816	0.473838212913913
m2	25	Egg	2	2	0.1	0.974785061910475	0.260057304236761	141.023710239991	0.936155202821869	0.491670634920635	0.189207514504104	0.425878320671409
m3	25	Egg	2	2	0	0.948129465551113	0.159870047451367	80.5032492413685	0.908646616541353	0.276488095238095	0.173827261856214	0.213328932840164
m4	25	Egg	2	2	1e-04	0.908576480037584	0.825666967835504	101.81908503271	0.962179487179487	0.558623015873016	0.212599122263886	0.498920758092792
m5	25	Egg	2	2	0.1	1.85043085619036	0.366536521507151	83.7551216479076	0.781377551020408	0.196198412698413	0.158226686493211	0.142011079538255
m6	25	Egg	2	2	1e-04	0.982688925132636	0.572275519827083	107.546419667786	0.948313492063492	0.440761904761905	0.188289145731828	0.379270868798047
m7	25	Egg	2	2	0.1	1.22635965570934	0.289920654301487	107.364262520607	0.886327561327561	0.46625	0.196698829851964	0.404479507985401
m1	26	Egg	2	2	0.1	1.36430046715528	0.323967742223253	142.77258873801	0.89515306122449	0.411162698412698	0.20393450514788	0.344806186199254
m2	26	Egg	2	2	0.1	1.31762221482975	0.277384229092942	156.934549257622	0.887127976190476	0.432007936507937	0.195378134938128	0.368226648341674
m3	26	Egg	2	2	0.1	1.70865861371314	0.203159321459204	94.5310893822053	0.852619047619048	0.191142857142857	0.138771061130941	0.124963849591781
m4	26	Egg	2	2	0.1	1.52345627075062	0.252580726219477	117.545177499806	0.85521978021978	0.368924603174603	0.175560453332982	0.297502947871599
m5	26	Egg	2	2	0.1	2.21705276306319	0.344075097781383	106.60139003525	0.689554531490015	0.119345238095238	0.122991010730617	0.0613555631084877
m6	26	Egg	2	2	0.1	1.55387719428537	0.29634166498976	124.136851268934	0.8321044546851	0.33193253968254	0.165544375404468	0.254251751357973
m7	26	Egg	2	2	0.1	1.59319543084617	0.323552014018967	111.183347536383	0.821340388007055	0.347146825396825	0.165625567663747	0.276458337214892
m1	27	Egg	2	2	1e-04	0.539828509787396	0.358121703580033	136.753375713874	0.988587848932676	0.546896825396825	0.198805322451548	0.488353503761585
m2	27	Egg	2	2	0	0.235498153820458	0.159014320949822	127.571005331052	0.978011204481793	0.601833333333333	0.240022826157083	0.546389128311733
m3	27	Egg	2	2	0	0.991271703255246	0.11604059999423	80.5032492413685	0.932627865961199	0.248480158730159	0.15497069136758	0.181491206689438
m4	27	Egg	2	2	1e-04	0.642360311102896	0.45037173467826	117.816751774943	0.97593537414966	0.490420634920635	0.188971328292533	0.426947440672593
m5	27	Egg	2	2	0.1	1.51938323596089	0.269129738248551	91.6395566895053	0.871428571428571	0.262900793650794	0.163166017142763	0.198707147849712
m6	27	Egg	2	2	1e-04	0.829764568550993	0.639019535261994	107.364262512369	0.941825396825397	0.532134920634921	0.231457615618468	0.469001629710767
m7	27	Egg	2	2	0	0.457803954284743	0.141407247390205	119.365567978428	0.965512265512266	0.484809523809524	0.203385878944215	0.41091002040506
m1	28	Egg	2	2	0.1	1.08861855293272	0.358042564013066	128.772588749737	0.927083333333333	0.491972222222222	0.201242454172381	0.42555903933431
m2	28	Egg	2	2	0.1	0.95842279606603	0.178885496606368	142.012844684112	0.955911330049261	0.494261904761905	0.216135354083337	0.435561867828832
m3	28	Egg	2	2	0	0.965688196514281	0.185967074992768	80.5032492413685	0.891815476190476	0.275738095238095	0.162807461782997	0.205053265428398
m4	28	Egg	2	2	0.1	1.32058602901017	0.176429301598381	103.545177475082	0.907692307692308	0.46065873015873	0.198223414763189	0.399843367879837
m5	28	Egg	2	2	0.1	1.98776874273982	0.269644204535711	105.235356538038	0.742246642246642	0.167833333333333	0.145426330286108	0.0972461750111586
m6	28	Egg	2	2	0.1	1.42585867825679	0.355192951679872	111.862943690412	0.869421768707483	0.331988095238095	0.187967612083145	0.255593490366562
m7	28	Egg	2	2	0.1	1.35328921787897	0.245688364845983	98.9094399909973	0.917171717171717	0.343857142857143	0.165501036265272	0.27243265659556
m1	29	Egg	2	2	0.1	0.867491179315718	0.29595165131615	129.819085030154	0.963968253968254	0.497369047619048	0.204738433319792	0.435275300920202
m2	29	Egg	2	2	0.1	1.00562575031606	0.266735690248575	142.012844684112	0.944302721088435	0.511515873015873	0.227506732375938	0.454356813679383
m3	29	Egg	2	2	0	0.987971269597668	0.180151236878489	80.5032492413685	0.908673469387755	0.254753968253968	0.172847597119148	0.187211563999989
m4	29	Egg	2	2	0.1	1.08163483880743	0.276002406020758	115.819085036767	0.938988095238095	0.488059523809524	0.210093298208181	0.424899815710894
m5	29	Egg	2	2	0.1	1.78461184906205	0.315439857852588	93.732549354752	0.755172413793103	0.214952380952381	0.156844254756495	0.136057710991223
m6	29	Egg	2	2	0.1	1.41280810698852	0.475157757702869	111.183347557092	0.876623376623377	0.342424603174603	0.180657379092361	0.268991096353118
m7	29	Egg	2	2	0.1	1.44750519902536	0.379270559343458	122.839911385729	0.873348694316436	0.341916666666667	0.184807753341884	0.268620872339768
m1	30	Egg	2	2	0.1	1.37884934089856	0.308026630998661	142.77258873801	0.893121693121693	0.409492063492063	0.203113072768651	0.345300208714578
m2	30	Egg	2	2	0.1	1.3752836488255	0.406982125570048	129.819085037709	0.866666666666667	0.439404761904762	0.195876613111612	0.374968899586887
m3	30	Egg	2	2	0.1	1.71912348675586	0.219728782854686	94.2737026374166	0.860522273425499	0.182797619047619	0.136345098266502	0.117727527137596
m4	30	Egg	2	2	0.1	1.58508897155276	0.341591603659849	117.54517748667	0.859027777777778	0.373619047619048	0.197744018970009	0.307594036979983
m5	30	Egg	2	2	0.1	2.34294363942407	0.32503721485961	106.60139003525	0.633974358974359	0.0775912698412698	0.0974105617991595	0.0271433813423725
m6	30	Egg	2	2	0.1	1.68814660472637	0.317522400147261	124.136851268934	0.826811594202899	0.26497619047619	0.173536042727361	0.204077214785345
m7	30	Egg	2	2	0.1	1.68467664573049	0.270506883248974	111.183347543986	0.785	0.296599206349206	0.175907094065621	0.227999142446592
m1	31	Egg	2	2	0.1	1.46274436613312	0.316091449457122	142.77258873801	0.854761904761905	0.400095238095238	0.182839618067551	0.332443360545455
m2	31	Egg	2	2	0.1	1.39968652932561	0.378183406067482	156.934549257622	0.856122448979592	0.439650793650794	0.20429523036147	0.376100308913103
m3	31	Egg	2	2	0.1	1.68726177714005	0.167839595165214	94.2737026401681	0.839200680272109	0.179309523809524	0.152337240829482	0.115594729436254
m4	31	Egg	2	2	0.1	1.57067201137152	0.278733596352634	117.545177473618	0.878979591836735	0.403083333333333	0.177749116347474	0.335152324822516
m5	31	Egg	2	2	0.1	2.2090534085199	0.275443581787938	106.60139003525	0.662820512820513	0.126690476190476	0.130704888782421	0.0689734494999724
m6	31	Egg	2	2	0.1	1.60806587748755	0.331278135977716	124.136851268934	0.821325051759834	0.318345238095238	0.16192696200329	0.244683588625225
m7	31	Egg	2	2	0.1	1.5313122339026	0.36605119957455	111.183347547535	0.844505494505495	0.325936507936508	0.172464763835195	0.260517406886238
m1	32	Egg	2	2	0	4.82714194300526e-06	4.17841963655543e-06	134.220125003792	1	0.656674603174603	0.259851981577587	0.613210180086468
m2	32	Egg	2	2	0	0.27114528456282	0.0882671920927904	103.827009929674	0.981932773109244	0.590285714285714	0.194260059232878	0.527083030283283
m3	32	Egg	2	2	0	1.03017223107128	0.1974598101498	80.5032492413685	0.903174603174603	0.252380952380952	0.139067397138523	0.183769473789042
m4	32	Egg	2	2	0	5.00634774568392e-06	5.08956064262457e-06	125.985825593831	1	0.717031746031746	0.222585407767765	0.671057187601768
m5	32	Egg	2	2	0	0.996912444400502	0.193093637087902	80.5032544510519	0.907142857142857	0.257190476190476	0.158816347451609	0.186540606246706
m6	32	Egg	2	2	0	0.492354298571016	0.159102647362077	95.2685850631638	0.948694316436252	0.467361111111111	0.201388841499673	0.38502497958658
m7	32	Egg	2	2	0	0.709636152635312	0.166527534645377	108.964348489865	0.955313588850174	0.365785714285714	0.174796857354033	0.287451434887234
m1	33	Egg	2	2	0.1	0.861873847465884	0.29980193172382	140.000120474676	0.936734693877551	0.542337301587302	0.231547882285665	0.486474832384731
m2	33	Egg	2	2	0.1	0.992705674984676	0.310939233468284	153.637484805868	0.936441798941799	0.575412698412698	0.24407239400754	0.523076757706189
m3	33	Egg	2	2	0.1	1.65615373325022	0.207911642709272	94.2737026401681	0.865783410138249	0.185642857142857	0.140768239392448	0.116868826220855
m4	33	Egg	2	2	0.1	1.21296561960975	0.260185354065018	130.08387555605	0.921714285714286	0.456349206349206	0.215458196497853	0.39829333394145
m5	33	Egg	2	2	0.1	2.02890957042489	0.360085779196116	95.3201988536872	0.770798319327731	0.172654761904762	0.153539634038089	0.117929544271384
m6	33	Egg	2	2	1e-04	0.938494003753695	1.05981508978791	129.819085032702	0.949343185550082	0.579845238095238	0.202106330878563	0.523032753302896
m7	33	Egg	2	2	0.1	1.14198825777764	0.208346554846003	107.364262520607	0.913186813186813	0.462861111111111	0.189849090085437	0.402000299001544
m1	34	Egg	2	2	1e-04	0.706778168409164	0.84128120614808	126.00014145393	0.978327228327228	0.646238095238095	0.24587096874011	0.595776597784331
m2	34	Egg	2	2	0.1	0.954232607478926	0.258822142124985	153.637484805868	0.951020408163265	0.539234126984127	0.210405879682247	0.485580756691143
m3	34	Egg	2	2	0.1	1.71187790614895	0.240332043855797	94.5310887268312	0.867651888341543	0.183412698412698	0.145527229109543	0.113995030916985
m4	34	Egg	2	2	1e-04	0.884791888204518	0.874326730556103	141.224810459408	0.967647058823529	0.646440476190476	0.214267842702453	0.597497794949452
m5	34	Egg	2	2	0.1	1.63854500705033	0.230204873982543	83.551635858251	0.839918154761905	0.228150793650794	0.171561878650524	0.168114202683542
m6	34	Egg	2	2	0.1	1.05040183515295	0.236967009946456	107.364262517232	0.922857142857143	0.449079365079365	0.19556948663442	0.387410907058011
m7	34	Egg	2	2	0.1	1.26798341543877	0.323640566999996	107.364262520607	0.900666666666667	0.418285714285714	0.196363335473004	0.350945860664522
m1	35	Egg	2	2	0.1	1.38487314211187	0.434989859663395	143.819085040644	0.872893772893773	0.38322619047619	0.187676262615875	0.314468893308512
m2	35	Egg	2	2	0.1	1.47004287630897	0.316843695712535	156.934549257622	0.848384353741497	0.419166666666667	0.173340120394743	0.351783734092419
m3	35	Egg	2	2	0.1	1.68852357505038	0.164557660143102	94.2737026401681	0.879541446208113	0.164496031746032	0.132492599675129	0.103169498738332
m4	35	Egg	2	2	0.1	1.37189042238806	0.274872724500231	130.136658611242	0.897414965986395	0.408809523809524	0.199982963840721	0.348688331814973
m5	35	Egg	2	2	0.1	1.92688100152782	0.327455812746882	117.053715381261	0.728163265306122	0.171095238095238	0.151828216045376	0.116238833802068
m6	35	Egg	2	2	0.1	1.50323838076987	0.285597194907535	123.457255122966	0.834101382488479	0.317242063492063	0.196736331581164	0.250028486974875
m7	35	Egg	2	2	0.1	1.62377109943729	0.306723648048882	111.183347547535	0.814697802197802	0.315035714285714	0.175531097693719	0.246860716270031
m1	36	Egg	2	2	0.1	0.914228525566367	0.316546516353581	126.000107290233	0.947619047619048	0.506515873015873	0.232433527523487	0.450019826970543
m2	36	Egg	2	2	0.1	1.13189033422049	0.279830295402245	117.84065664412	0.938520408163265	0.420444444444444	0.225352471602922	0.356840243765299
m3	36	Egg	2	2	0.1	1.74256124658075	0.240789008577447	94.5310887268312	0.851851851851852	0.176031746031746	0.153223162818691	0.112128891499427
m4	36	Egg	2	2	1e-04	0.905110291308446	0.958712915069533	112.000112260816	0.968571428571429	0.613095238095238	0.248755232724333	0.558698483852095
m5	36	Egg	2	2	0.1	1.6512104252859	0.290724998420859	101.643848644579	0.851666666666667	0.211210317460317	0.154760963056709	0.149005662753713
m6	36	Egg	2	2	0.1	1.05943158755462	0.343671447632461	107.364262525926	0.936694677871148	0.454940476190476	0.214284269609261	0.387331483987783
m7	36	Egg	2	2	0.1	1.30039340553557	0.215211046958203	122.839911385729	0.912442396313364	0.375555555555556	0.187941894739694	0.307050170772181
m1	37	Egg	2	2	0.1	1.38108266207639	0.450463198026366	142.77258873801	0.911064425770308	0.436416666666667	0.219531685308926	0.370072402878617
m2	37	Egg	2	2	0.1	1.3531404132949	0.317255819349831	156.934549257622	0.886167800453515	0.463051587301587	0.18812846795506	0.396594699228716
m3	37	Egg	2	2	0.1	1.71740293171404	0.247861282995473	94.2737026401681	0.843498168498168	0.185809523809524	0.134673685382931	0.114767284580252
m4	37	Egg	2	2	0.1	1.55678311993512	0.287690016720868	117.54517748667	0.867281105990783	0.390928571428571	0.193302872999985	0.329397839196354
m5	37	Egg	2	2	0.1	2.19304573972142	0.273138541341469	106.60139003525	0.684489795918367	0.127154761904762	0.138151484519063	0.0729951968905712
m6	37	Egg	2	2	0.1	1.63206000675846	0.35379638503129	124.136851268934	0.810952380952381	0.324361111111111	0.179786894477344	0.252420233506042
m7	37	Egg	2	2	0.1	1.5526986132281	0.257004321727801	111.183347544166	0.840885416666667	0.318115079365079	0.173747029870796	0.249178474285871
m1	38	Egg	2	2	0.1	0.802186783842526	0.213292042246457	149.983009114689	0.960392535392535	0.528289682539683	0.220967443487061	0.464946230149345
m2	38	Egg	2	2	0	0.244290685106819	0.0960323535549937	127.571005331052	0.979877112135177	0.603404761904762	0.19054134137105	0.546460412860318
m3	38	Egg	2	2	0	0.998389075389863	0.146378960723116	80.5032492413685	0.915255731922399	0.262099206349206	0.179554670138513	0.194342427081058
m4	38	Egg	2	2	0.1	1.19814990559497	0.2936586552016	116.1128684102	0.916300366300366	0.444456349206349	0.189731601550061	0.381920779995207
m5	38	Egg	2	2	0.1	1.86677051035709	0.303700486034006	115.518861845718	0.749404761904762	0.19702380952381	0.148385639668954	0.134500571431618
m6	38	Egg	2	2	0.1	1.0210581272212	0.254518615060865	119.638170065389	0.930952380952381	0.486369047619048	0.186344174136376	0.421239574989295
m7	38	Egg	2	2	0	0.474160188766733	0.13748251609357	119.365567978428	0.962087912087912	0.444884920634921	0.201153515411257	0.381358792264523
m1	39	Egg	2	2	0.1	1.09342776428503	0.260996891141339	129.819085046272	0.936044973544974	0.479789682539683	0.227752324495896	0.411747902887239
m2	39	Egg	2	2	0.1	1.25561525864055	0.315460471956299	117.840656643706	0.905006105006105	0.484511904761905	0.186909127239518	0.413141994393948
m3	39	Egg	2	2	0.1	1.72854705535417	0.293581606483995	94.5310893822053	0.839726631393298	0.163678571428571	0.162437098334325	0.104360473049944
m4	39	Egg	2	2	0.1	1.31543383466791	0.300217619934403	115.819085047477	0.914666666666667	0.439107142857143	0.21710944659708	0.377012525674423
m5	39	Egg	2	2	0.1	1.96805159397177	0.299934551630754	85.1392839179344	0.736095238095238	0.147821428571429	0.146516294011193	0.0901376155378132
m6	39	Egg	2	2	0.1	1.36728574204667	0.376220175120264	130.454455449345	0.90203081232493	0.3565	0.163925476945471	0.282835551392651
m7	39	Egg	2	2	0.1	1.3788195550446	0.285773276749916	98.909439997435	0.894969278033794	0.357579365079365	0.193455128185621	0.287713111518166
m1	40	Egg	2	2	0.1	1.3823648876322	0.420073360671337	156.772588749841	0.866666666666667	0.406337301587302	0.214684110078166	0.339223761847593
m2	40	Egg	2	2	0.1	1.32273255620486	0.368798762212781	156.934549257622	0.888961038961039	0.438059523809524	0.218186756999969	0.376335822004988
m3	40	Egg	2	2	0.1	1.74511025949973	0.185773200161081	94.5310893822053	0.852813852813853	0.212190476190476	0.144711600617753	0.14039949745643
m4	40	Egg	2	2	0.1	1.60346342858539	0.30153570441232	131.876144962968	0.825714285714286	0.318678571428571	0.187061955003508	0.252439840280399
m5	40	Egg	2	2	0.1	2.37969513602891	0.388777176443287	120.349894766637	0.63287037037037	0.139345238095238	0.1394466613887	0.0749289254101355
m6	40	Egg	2	2	0.1	1.71373729537992	0.3918796354789	136.410758801338	0.788730158730159	0.32147619047619	0.17316167718202	0.25790289665324
m7	40	Egg	2	2	0.1	1.59970035057154	0.393137795278596	111.183347543986	0.813707482993197	0.326630952380952	0.188794710703382	0.252006184428963
m1	41	Egg	2	2	0.1	1.24961964511575	0.33177462196579	143.819085040644	0.891587301587302	0.393650793650794	0.208891679477143	0.326732852472738
m2	41	Egg	2	2	0.1	1.42552889320781	0.398765868311465	129.819085037709	0.853284072249589	0.41840873015873	0.169229899134521	0.349384425917696
m3	41	Egg	2	2	0.1	1.74181263633731	0.265654882861179	94.5310887268312	0.864646464646465	0.169861111111111	0.132699360300019	0.103419160363549
m4	41	Egg	2	2	0.1	1.3213167764243	0.223311315551956	130.136658611242	0.909002976190476	0.402119047619048	0.191380173610985	0.339634455958872
m5	41	Egg	2	2	0.1	1.96232258741809	0.310494263227812	117.053715381261	0.719191919191919	0.166535714285714	0.129989341680396	0.102941236634604
m6	41	Egg	2	2	0.1	1.60461257463516	0.390616185245161	123.457255122966	0.820021645021645	0.356202380952381	0.184695399977388	0.28553230645037
m7	41	Egg	2	2	0.1	1.50583200174118	0.34232410578153	111.564387016128	0.852112135176651	0.329714285714286	0.179418299706294	0.261052287580449
m1	42	Egg	2	2	0.1	0.925633204506219	0.239224469207462	115.819085032471	0.948387096774194	0.55475	0.200165096471713	0.488702665235459
m2	42	Egg	2	2	0.1	0.956302445198877	0.222212092628331	142.012844684112	0.971666666666667	0.50768253968254	0.235307490093745	0.451262254505224
m3	42	Egg	2	2	0	1.00466483556433	0.172449379834297	80.5032492413685	0.919494047619048	0.27506746031746	0.136507261322815	0.203132570991433
m4	42	Egg	2	2	1e-04	0.707238889324873	0.808551697073542	101.819085039776	0.960144927536232	0.55481746031746	0.2182283937091	0.497185428717002
m5	42	Egg	2	2	0.1	1.87384266742438	0.349644536115658	82.6096103618501	0.750921658986175	0.207083333333333	0.169168704390422	0.135658866580356
m6	42	Egg	2	2	0.1	1.27239519608014	0.367172873045568	98.9094400120355	0.925520833333333	0.351333333333333	0.169024353282494	0.280014903029307
m7	42	Egg	2	2	0.1	1.39238342404838	0.289247981186561	98.9094399909973	0.905747126436782	0.330166666666667	0.161750239265435	0.261714240378825
m1	43	Egg	2	2	0.1	1.19344804684369	0.347388405896826	129.81908503344	0.913165266106443	0.437107142857143	0.226445582514651	0.373909182685622
m2	43	Egg	2	2	0.1	1.34948485191122	0.381948688126211	156.934549257622	0.869444444444444	0.40047619047619	0.197124243636839	0.333323385262921
m3	43	Egg	2	2	0.1	1.75856801383614	0.21639760876746	115.501123594761	0.88078231292517	0.157734126984127	0.120314612870381	0.0965540208344619
m4	43	Egg	2	2	0.1	1.28816269022432	0.309622641807233	116.109899906601	0.92843137254902	0.486690476190476	0.198876109623775	0.423925458199218
m5	43	Egg	2	2	0.1	1.94228356014401	0.300812718690609	103.319265435958	0.745833333333333	0.139166666666667	0.13658630380811	0.0807964189041358
m6	43	Egg	2	2	0.1	1.49511543723961	0.383024356445989	111.183347555356	0.842857142857143	0.325440476190476	0.175986392258601	0.255173308791223
m7	43	Egg	2	2	0.1	1.4872481459812	0.296988584817552	111.183347536383	0.857234432234432	0.3165	0.178164601511947	0.247799012205674
m1	44	Egg	2	2	0.1	1.19049127216717	0.386825963799149	143.819085036039	0.912142857142857	0.444293650793651	0.187460144874333	0.374848875333018
m2	44	Egg	2	2	0.1	1.27593801950222	0.376522248550298	117.545177476551	0.906746031746032	0.450392857142857	0.217855799402887	0.38380675042994
m3	44	Egg	2	2	0.1	1.7329975004418	0.226685462848115	94.5310887268312	0.842761904761905	0.159162698412698	0.120465318558846	0.0978678950880193
m4	44	Egg	2	2	0.1	1.50752481812928	0.315756634134334	130.136658611242	0.890384615384615	0.348777777777778	0.189296631270075	0.291862588835909
m5	44	Egg	2	2	0.1	1.97402557257785	0.345507212414011	117.053715381261	0.707359307359307	0.188488095238095	0.156406884179592	0.116473232879932
m6	44	Egg	2	2	0.1	1.39609674708154	0.336942912454359	123.677608910515	0.856486042692939	0.356194444444444	0.19570524004836	0.286059796921778
m7	44	Egg	2	2	0.1	1.38561452169823	0.309606019907383	98.9094399994006	0.878899835796388	0.33147619047619	0.180138571508556	0.260385518842815
m1	45	Egg	2	2	0	0.395423531697301	0.458564707493935	117.725689673677	0.982451499118166	0.549166666666667	0.214137387871859	0.487037250891221
m2	45	Egg	2	2	0	0.268323301506554	0.13848941119421	127.571005331052	0.980282738095238	0.589206349206349	0.195311673469548	0.525165686494298
m3	45	Egg	2	2	0	1.02975927286715	0.196823496432898	80.5032492413685	0.902564102564103	0.241301587301587	0.174563174831414	0.17938194486845
m4	45	Egg	2	2	1e-04	0.673039106014983	0.500964394019587	117.816751774943	0.978759398496241	0.525603174603175	0.21010996416693	0.461424494309334
m5	45	Egg	2	2	0.1	1.46978402015155	0.187369430076232	91.6395566895053	0.879138321995465	0.270174603174603	0.149280279597358	0.197887106149758
m6	45	Egg	2	2	1e-04	0.63472931698423	0.545413585246804	107.562996701829	0.967816091954023	0.516261904761905	0.212551855831882	0.451363930860659
m7	45	Egg	2	2	0	0.453827717521157	0.153217130692823	119.365567978428	0.965584415584416	0.479063492063492	0.196525756612347	0.410686189655706
m1	46	Egg	2	2	1e-04	0.72282644089672	0.692178343322886	115.819085029713	0.956380952380952	0.572261904761905	0.191996883313477	0.509907814403441
m2	46	Egg	2	2	0	0.198861457007398	0.119656348697354	103.827009929674	0.987389770723104	0.589166666666667	0.217989312186799	0.528804566945594
m3	46	Egg	2	2	0	0.995327194025862	0.171701059342882	80.5032492413685	0.905753968253968	0.224083333333333	0.151472503145283	0.154462905137665
m4	46	Egg	2	2	1e-04	0.874264953991691	0.613586551141926	128.90821659192	0.968226600985222	0.56272619047619	0.207099707389232	0.499475607060976
m5	46	Egg	2	2	0.1	1.69907213756903	0.287608246443644	82.6096023691144	0.830875576036866	0.228178571428571	0.155126372992759	0.157364316401848
m6	46	Egg	2	2	1e-04	1.05892550479392	0.613345503172279	99.0833598361738	0.935190476190476	0.353714285714286	0.160917316040026	0.28465525221074
m7	46	Egg	2	2	0	0.65499908633692	0.1689644090212	108.964348489865	0.948809523809524	0.390222222222222	0.181787322732237	0.319838662893493
m1	47	Egg	2	2	0.1	1.10717308430856	0.358865555237189	143.819085036039	0.922357723577236	0.443738095238095	0.206677617726761	0.375168254337601
m2	47	Egg	2	2	0.1	1.2236707333406	0.352888343397826	143.477603060181	0.926041666666667	0.444900793650794	0.211820595439138	0.381703512502942
m3	47	Egg	2	2	0.1	1.72414442753137	0.208665862319372	94.5310893822053	0.841452991452991	0.212892857142857	0.141210959302535	0.139182962120318
m4	47	Egg	2	2	0.1	1.42286078445231	0.291899421109842	130.136658611242	0.903253968253968	0.360349206349206	0.212398822882032	0.298780954108608
m5	47	Egg	2	2	0.1	1.9890867790263	0.444948976059647	96.5051380982477	0.720684523809524	0.175420634920635	0.161259448255187	0.117095314165708
m6	47	Egg	2	2	0.1	1.39279949079227	0.334555399768639	123.457255087019	0.862610229276896	0.345837301587302	0.178357562550419	0.275552905572435
m7	47	Egg	2	2	0.1	1.44816079143682	0.277689709278254	98.909439997435	0.887903225806452	0.338892857142857	0.163017061608456	0.265632298123251
m1	48	Egg	2	2	0.1	0.848878957835536	0.307300181028229	115.819085032471	0.954444444444444	0.554976190476191	0.208745204084146	0.496347675791902
m2	48	Egg	2	2	0.1	0.993594492651666	0.256865990299314	142.012844684112	0.953153153153153	0.507115079365079	0.209584997993432	0.449416690662187
m3	48	Egg	2	2	0	1.01354886122256	0.191326347795779	80.5032492413685	0.913690476190476	0.264575396825397	0.150879582518964	0.191355010556409
m4	48	Egg	2	2	1e-04	0.82279027275549	0.591154159536422	101.819085039776	0.964200680272109	0.556043650793651	0.223765320098289	0.49771937889609
m5	48	Egg	2	2	0.1	1.83768574180876	0.317962831900846	102.220922062246	0.77824302134647	0.22097619047619	0.160558533546239	0.152842288687563
m6	48	Egg	2	2	0.1	1.33525364483365	0.346920587731254	98.9094400120355	0.887445887445887	0.373488095238095	0.168487950081542	0.294174440812755
m7	48	Egg	2	2	0.1	1.41453042876671	0.236991069974317	98.9094399909973	0.886290322580645	0.35077380952381	0.157043927110409	0.275487758411611
m1	49	Egg	2	2	0	5.1484930440905e-06	5.04109275292581e-06	134.220125003792	1	0.684714285714286	0.262033328013893	0.645101796775286
m2	49	Egg	2	2	0	0.202819906645237	0.132305382938188	128.56207538631	0.989333333333333	0.566571428571429	0.213415504826642	0.507632826648643
m3	49	Egg	2	2	0	1.02319706825186	0.177742451037631	80.5032492413685	0.904022988505747	0.240071428571429	0.137446355379023	0.168352160067065
m4	49	Egg	2	2	0	5.50692360743699e-06	5.2348789299189e-06	125.985825593831	1	0.673888888888889	0.263272660556733	0.632217050078166
m5	49	Egg	2	2	0	1.02957278958332	0.195033816927756	80.5032544510519	0.912271062271062	0.241511904761905	0.159581021719958	0.175745035317257
m6	49	Egg	2	2	0	0.488487065348468	0.184465549962021	114.077083121462	0.958695652173913	0.442460317460317	0.179477525867579	0.36843603611375
m7	49	Egg	2	2	0	0.657191916952615	0.118416004519127	108.964348489865	0.947546897546898	0.382559523809524	0.183100444820138	0.310380916605282
m1	50	Egg	2	2	0.1	0.849026748483246	0.292360158641958	130.012091336384	0.954251700680272	0.473904761904762	0.223784684385012	0.4095994790588
m2	50	Egg	2	2	0.1	1.01044181754531	0.236118696609678	141.023710239991	0.947333333333333	0.488063492063492	0.203086734885086	0.429058877370916
m3	50	Egg	2	2	0	1.04232547334069	0.196566794399062	80.5032492413685	0.912721088435374	0.256333333333333	0.161080264890917	0.184718896949342
m4	50	Egg	2	2	0.1	1.05021062219258	0.237751422780031	116.1128684102	0.939965986394558	0.476892857142857	0.203705529740446	0.414873597684071
m5	50	Egg	2	2	0.1	1.69097267644519	0.282755367338614	115.518861845718	0.808994708994709	0.234440476190476	0.164118433963725	0.166644441485438
m6	50	Egg	2	2	0.1	1.19612976831457	0.370909275940319	119.638170080375	0.873809523809524	0.472853174603175	0.204088430434229	0.409418558372791
m7	50	Egg	2	2	0.1	1.1947087641942	0.389709345846969	107.364262520607	0.908974358974359	0.457059523809524	0.230571807686815	0.395208047587318
m1	51	Egg	2	2	1e-04	0.570793803841208	0.755860307742635	135.785314043687	0.97156862745098	0.587535714285714	0.216050894307945	0.529787961351678
m2	51	Egg	2	2	0	0.213431238103455	0.130390126851671	127.571005331052	0.983095238095238	0.563857142857143	0.240576732953418	0.499313326905982
m3	51	Egg	2	2	0	0.966034963421762	0.177889417956088	80.5032492413685	0.911054421768707	0.249603174603175	0.166706659348896	0.186463428967629
m4	51	Egg	2	2	1e-04	0.604054647316392	0.560215538699357	101.81908503271	0.967687074829932	0.574825396825397	0.214540436138994	0.51586378760783
m5	51	Egg	2	2	0.1	1.80175181977253	0.294048269028419	101.808028700805	0.796236559139785	0.191765873015873	0.15012638302563	0.135304106205684
m6	51	Egg	2	2	0.1	0.937903162833677	0.273119952792656	126.85244568448	0.945021645021645	0.480746031746032	0.203554542691449	0.418406045984451
m7	51	Egg	2	2	0	0.463855165792456	0.177767625997103	119.365567978428	0.958620689655172	0.45	0.198382016226366	0.379062722975053
m1	52	Egg	2	2	0	0.184337115661344	0.14214569908143	123.942348200846	0.990336134453782	0.607694444444444	0.239302892984136	0.550793759572318
m2	52	Egg	2	2	0	0.237757907057599	0.1028209057611	128.56207538631	0.979241071428571	0.570797619047619	0.227557164167838	0.506542864504951
m3	52	Egg	2	2	0	0.941784192135333	0.17013983255229	80.5032492413685	0.881227106227106	0.296456349206349	0.13990817094868	0.214285082829986
m4	52	Egg	2	2	0	0.247566369860837	0.123051855995896	129.250952938545	0.9831569664903	0.557039682539683	0.207250252896867	0.494342757239084
m5	52	Egg	2	2	0	0.969300246164603	0.175735291042819	80.5032525831625	0.907359307359307	0.258869047619048	0.172763940036233	0.188907899914702
m6	52	Egg	2	2	0	0.662485185085384	0.143664007584826	103.51684229622	0.952857142857143	0.360365079365079	0.195089186400136	0.296457296523516
m7	52	Egg	2	2	0	0.640596273310178	0.116689000894585	108.964348489865	0.940696649029982	0.379539682539683	0.182343581010381	0.310966367489188
m1	53	Egg	2	2	1e-04	0.320347817073422	0.369146116368086	140.209937231213	0.991358024691358	0.61475	0.244929798170772	0.566148552767283
m2	53	Egg	2	2	0	5.15846977535465e-06	3.37948629539735e-06	138.719043861071	1	0.659190476190476	0.25284904452727	0.612748590849724
m3	53	Egg	2	2	0	0.990470834235232	0.175256960787511	80.5032492413685	0.91989247311828	0.281305555555556	0.152814831092005	0.210875381084084
m4	53	Egg	2	2	0.1	1.02915536724739	0.270970634245176	115.819085031826	0.944516594516595	0.499003968253968	0.22367126094468	0.441993795135534
m5	53	Egg	2	2	0.1	1.96021338672196	0.213402129507165	118.084642828106	0.73125	0.16059126984127	0.121544648941977	0.0908656401899824
m6	53	Egg	2	2	1e-04	0.810537006105006	0.561040939298329	142.073969504331	0.954761904761905	0.532392857142857	0.20449580395718	0.468447607246281
m7	53	Egg	2	2	0	0.494172059152743	0.13050882336304	119.365567978428	0.971768707482993	0.458738095238095	0.217750778988103	0.401134455328557
m1	54	Egg	2	2	0.1	0.997850194501539	0.275980073240281	128.772588749737	0.945332080200501	0.541809523809524	0.240456204313791	0.479901891867926
m2	54	Egg	2	2	0.1	0.952835566487056	0.244845613739486	142.012844684112	0.962857142857143	0.494690476190476	0.249243766779448	0.440874710419068
m3	54	Egg	2	2	0	0.922558950628012	0.129109059081026	80.5032492413685	0.916589861751152	0.279428571428571	0.162047149707504	0.209389308056139
m4	54	Egg	2	2	0.1	1.22064452604291	0.288783542937307	103.545177475082	0.922883597883598	0.517321428571429	0.220210980416849	0.453624284738305
m5	54	Egg	2	2	0.1	2.1262650178689	0.350511143763643	105.235356538038	0.708585858585859	0.125297619047619	0.123264350713813	0.0584215078682401
m6	54	Egg	2	2	0.1	1.37644946883736	0.273705942074276	111.862943690412	0.889490968801314	0.340988095238095	0.168042937763474	0.260873287396475
m7	54	Egg	2	2	0.1	1.34989037765872	0.315841512541206	99.2583703312213	0.901190476190476	0.337785714285714	0.1666202453733	0.264078799352888
m1	55	Egg	2	2	0.1	1.33870993916369	0.351431241324347	129.81908503344	0.879246031746032	0.421666666666667	0.184975977821106	0.35345954847849
m2	55	Egg	2	2	0.1	1.33243676899277	0.41872736371616	156.934549257622	0.89292328042328	0.433996031746032	0.203245934790857	0.36416851133478
m3	55	Egg	2	2	0.1	1.75018038787281	0.168053538930322	94.5310887268312	0.867099567099567	0.171638888888889	0.13431087934691	0.104561357864837
m4	55	Egg	2	2	0.1	1.42654426184881	0.261711701818432	115.819085047477	0.909747023809524	0.401496031746032	0.178502532938988	0.333858620983231
m5	55	Egg	2	2	0.1	1.95544823750585	0.294532259832834	103.319265435958	0.727777777777778	0.172952380952381	0.15667654749549	0.110495896272037
m6	55	Egg	2	2	0.1	1.4850104413291	0.348899152839076	111.374650976052	0.879960317460317	0.34234126984127	0.168153781987579	0.269678962962401
m7	55	Egg	2	2	0.1	1.53050392939059	0.263887147960106	111.183347547535	0.848111658456486	0.337936507936508	0.17565438507854	0.275643733644447
m1	56	Egg	2	2	0.1	1.33491373415706	0.398366190292716	142.77258873801	0.869791666666667	0.43897619047619	0.207064100457227	0.367845143189047
m2	56	Egg	2	2	0.1	1.26273172459359	0.426731468209913	156.934549257622	0.910351966873706	0.393789682539683	0.214403374005119	0.329877993614978
m3	56	Egg	2	2	0.1	1.70053166654763	0.270491735107699	94.2737026374166	0.875070028011204	0.175412698412698	0.159742193398286	0.115752345999055
m4	56	Egg	2	2	0.1	1.54415523541181	0.279495293669871	117.545177477209	0.894733044733045	0.390519841269841	0.199537089011229	0.325601977929705
m5	56	Egg	2	2	0.1	2.29945360552944	0.293811484025562	106.60139003525	0.638998357963875	0.108587301587302	0.101917055270821	0.0549413584172496
m6	56	Egg	2	2	0.1	1.75130108481906	0.540259467714618	124.342452895413	0.800915750915751	0.32681746031746	0.172550050620552	0.255273206452642
m7	56	Egg	2	2	0.1	1.53904206007521	0.386684761069602	111.183347543986	0.834811165845649	0.319222222222222	0.190842561913086	0.259389522567826
m1	57	Egg	2	2	0.1	1.18392660208105	0.371767155970312	140.000135798567	0.924242424242424	0.491448412698413	0.222482435540269	0.42411647384351
m2	57	Egg	2	2	0.1	1.30781541604118	0.294424991642685	156.934549257622	0.887918871252205	0.405996031746032	0.209685833221899	0.345990727824213
m3	57	Egg	2	2	0.1	1.71192932298544	0.192701025873072	94.5310887268312	0.870238095238095	0.162869047619048	0.140934299110438	0.103451668664677
m4	57	Egg	2	2	0.1	1.28607338460895	0.275970857919731	144.538033608147	0.931394557823129	0.442154761904762	0.23322521852721	0.381002246301839
m5	57	Egg	2	2	0.1	1.98194338720668	0.310182424556219	89.1793913581276	0.728253968253968	0.122535714285714	0.133406993563501	0.0658487977714332
m6	57	Egg	2	2	0.1	1.37095911140157	0.31376404858427	121.364262531727	0.86025641025641	0.379	0.216458806467355	0.313788456024219
m7	57	Egg	2	2	0.1	1.64856999321663	0.282550931237298	111.183347544166	0.804927248677249	0.297865079365079	0.175174228498538	0.228440948101911
m1	58	Egg	2	2	0.1	0.804559228260057	0.386853448704569	126.000125404769	0.951075268817204	0.59677380952381	0.247175418394478	0.543672405621025
m2	58	Egg	2	2	0.1	1.27795037945525	0.302200858553804	143.477603060181	0.909090909090909	0.453265873015873	0.202760993484413	0.38962973275445
m3	58	Egg	2	2	0.1	1.69693982358172	0.196571764577594	94.2737026374166	0.873502304147465	0.190809523809524	0.130633776573481	0.122081499846465
m4	58	Egg	2	2	1e-04	0.565966811605693	0.670489053595873	126.258567521957	0.997101449275362	0.578904761904762	0.234967861658306	0.523591927332202
m5	58	Egg	2	2	0.1	1.53769140058459	0.292235732012532	89.9134642874848	0.860837438423645	0.272285714285714	0.169396978143255	0.203936909384086
m6	58	Egg	2	2	1e-04	0.743278488502785	0.898038466131821	115.819085031079	0.951860119047619	0.570865079365079	0.234810435182222	0.514574848169394
m7	58	Egg	2	2	0.1	1.48185639471039	0.318391103547457	98.909439997435	0.876010101010101	0.34490873015873	0.175101438388416	0.276684482726448
m1	59	Egg	2	2	0.1	1.30103480228591	0.400312910871609	154.000146629992	0.894543650793651	0.4295	0.191957964462221	0.364226720144763
m2	59	Egg	2	2	0.1	1.2843388234039	0.257594917465432	156.934549257622	0.880952380952381	0.41868253968254	0.19458283564205	0.354787259465227
m3	59	Egg	2	2	0.1	1.72008314768618	0.182810362815447	94.2737026401681	0.856949806949807	0.193761904761905	0.140215362016909	0.118967147645577
m4	59	Egg	2	2	0.1	1.38179812029588	0.32060440574178	130.14353815662	0.895965608465608	0.422031746031746	0.187967667806392	0.356986973334788
m5	59	Egg	2	2	0.1	2.04392683835153	0.221373621186868	119.764355336979	0.729109062980031	0.128079365079365	0.119676750312589	0.0735231469612832
m6	59	Egg	2	2	0.1	1.55020180414069	0.409060069746945	133.638170062261	0.78952380952381	0.354896825396825	0.190846470000524	0.291185002269035
m7	59	Egg	2	2	0.1	1.49461159047954	0.328327135428779	111.564387016128	0.849964985994398	0.33577380952381	0.176300160128148	0.269703630352557
m1	60	Egg	2	2	0	0.212203959578774	0.118827553763772	123.942348200846	0.985070785070785	0.596571428571429	0.239129145266907	0.540685445535121
m2	60	Egg	2	2	0	0.228437663630896	0.0920302122345352	128.56207538631	0.974794745484401	0.589865079365079	0.213233416889592	0.529548818581791
m3	60	Egg	2	2	0	1.04796673006182	0.195772664041479	80.5032492413685	0.914244663382594	0.254940476190476	0.151609433706133	0.185117823529159
m4	60	Egg	2	2	0	0.222144268771683	0.119449795281584	129.250952938545	0.982295482295482	0.617488095238095	0.207884639816602	0.558400711792302
m5	60	Egg	2	2	0	1.01029575154029	0.189659748784583	80.5032525831625	0.9005148005148	0.274388888888889	0.148247958844848	0.20002115355348
m6	60	Egg	2	2	0	0.665291708081097	0.157945144612508	86.8009861110756	0.939329805996473	0.367321428571429	0.166492588864686	0.288933720907406
m7	60	Egg	2	2	0	0.625040006452247	0.11788441864308	108.964348489865	0.942753623188406	0.363039682539683	0.183517650399697	0.29288058862407
m1	61	Egg	2	2	0.1	1.02350848010614	0.328378367183501	129.819085046272	0.937244897959184	0.441011904761905	0.227606726365165	0.378310539704797
m2	61	Egg	2	2	0.1	1.13200466865637	0.319597012050846	117.545177476551	0.939162561576355	0.444924603174603	0.209213930962217	0.380649199936953
m3	61	Egg	2	2	0.1	1.70810870221792	0.217317702804119	115.501123594761	0.870952380952381	0.191392857142857	0.138331225375669	0.121747743875653
m4	61	Egg	2	2	0.1	1.25794969975962	0.202531026918395	115.819085047477	0.93752052545156	0.430960317460317	0.226288862849906	0.372268438871399
m5	61	Egg	2	2	0.1	1.95450024661303	0.248666708065342	103.319265435958	0.761206896551724	0.15652380952381	0.14370544191842	0.100510718181895
m6	61	Egg	2	2	0.1	1.31032835518151	0.307347794513395	111.183347582727	0.906802721088435	0.347738095238095	0.190057899597428	0.277687962503028
m7	61	Egg	2	2	0.1	1.34542306570169	0.295522236818728	99.2583705389613	0.89281746031746	0.349071428571429	0.169368482285327	0.275423015674118
m1	62	Egg	2	2	0.1	1.20044804995308	0.420442799328492	143.819085036039	0.923724489795918	0.437988095238095	0.170353712440263	0.366968019408162
m2	62	Egg	2	2	0.1	1.299880930846	0.259072351949045	143.477603060181	0.901154401154401	0.415813492063492	0.189764561838442	0.344135564176924
m3	62	Egg	2	2	0.1	1.72321542859916	0.210108463135236	115.501123594761	0.867391304347826	0.164238095238095	0.12823617506194	0.101076162924534
m4	62	Egg	2	2	0.1	1.32419322308419	0.15568913669738	130.136658611242	0.908002645502646	0.355666666666667	0.187562271205074	0.290544021894448
m5	62	Egg	2	2	0.1	2.03780802218097	0.188387965010926	117.053715381261	0.712179487179487	0.169960317460317	0.132218091356745	0.100960359664953
m6	62	Egg	2	2	0.1	1.26199891570136	0.255853640188848	123.457255087019	0.901731601731602	0.341615079365079	0.176384499772524	0.27100527885061
m7	62	Egg	2	2	0.1	1.31935130437049	0.276528490551052	98.909439997435	0.90608843537415	0.362071428571429	0.175884223847267	0.28263135075069
m1	63	Egg	2	2	1e-04	0.527608721509329	0.428557067091353	138.128124903303	0.982142857142857	0.562166666666667	0.22456573120349	0.499260682198293
m2	63	Egg	2	2	0	0.24961076266807	0.099238725633614	128.56207538631	0.989333333333333	0.585797619047619	0.182347776578255	0.525396557577641
m3	63	Egg	2	2	0	0.946930745093411	0.148305638405775	100.122333544321	0.911333333333333	0.268698412698413	0.143823416938197	0.200642847773591
m4	63	Egg	2	2	1e-04	0.552756019830996	0.435067339490507	117.826914730945	0.97989417989418	0.543678571428571	0.212862820026345	0.478578558728271
m5	63	Egg	2	2	0.1	1.52265405720795	0.228580975616567	91.6395567260034	0.850462962962963	0.295166666666667	0.179732701519536	0.218453859903104
m6	63	Egg	2	2	0.1	1.02116051644616	0.184358362938283	99.1088319509641	0.907231040564374	0.397031746031746	0.174322168820224	0.326913643717499
m7	63	Egg	2	2	0	0.667607698032989	0.183882791714201	108.964348489865	0.948629148629149	0.394869047619048	0.184891423833449	0.319528310248815
m1	64	Egg	2	2	0.1	0.875029934712175	0.288476396958904	115.81908503151	0.944252873563218	0.525988095238095	0.239801787884196	0.459615111756466
m2	64	Egg	2	2	0.1	0.979666394839683	0.25015368182284	142.012844684112	0.962925170068027	0.485996031746032	0.222051733019505	0.430594788715686
m3	64	Egg	2	2	0	1.0386907999587	0.150781569491381	80.5032492413685	0.91547619047619	0.241587301587302	0.153741936831014	0.173252535477259
m4	64	Egg	2	2	1e-04	0.544653849923887	0.68341557483498	115.819085047727	0.979723502304148	0.601488095238095	0.236422114102689	0.549920242758589
m5	64	Egg	2	2	0.1	1.69298238418472	0.280794460787396	88.7285250376056	0.8375	0.225115079365079	0.164399760259594	0.159005815927804
m6	64	Egg	2	2	1e-04	1.03631462557161	0.865456836151661	107.364262522282	0.938888888888889	0.482952380952381	0.227000516567896	0.413391761011463
m7	64	Egg	2	2	0.1	1.42626552218562	0.253715674795417	99.2583702645974	0.876154401154401	0.336206349206349	0.186673067626246	0.263666434865652
m1	65	Egg	2	2	0.1	1.42039620544862	0.280954484059091	157.005026559643	0.895468509984639	0.397694444444444	0.151205374635692	0.325887270277475
m2	65	Egg	2	2	0.1	1.29638525856217	0.313148482985348	156.934549257622	0.882671957671958	0.469440476190476	0.212483338136843	0.404500946806861
m3	65	Egg	2	2	0.1	1.7162852276643	0.209796731821501	115.501123594761	0.865379665379665	0.179353174603175	0.141726239759708	0.106651366246514
m4	65	Egg	2	2	0.1	1.63616668378286	0.300883524014419	131.876132121981	0.803869047619048	0.358166666666667	0.179025958324108	0.291894119589957
m5	65	Egg	2	2	0.1	2.23912701033758	0.368302819640791	100.462665962058	0.639814814814815	0.112563492063492	0.126920519031709	0.0506297811536461
m6	65	Egg	2	2	0.1	1.68426963592487	0.325108665388267	136.410758801338	0.801275510204082	0.331035714285714	0.18838234484241	0.268435982801407
m7	65	Egg	2	2	0.1	1.53286355632308	0.226227323055961	111.183347536383	0.82937925170068	0.312583333333333	0.191435868183462	0.247071428102462
m1	66	Egg	2	2	1e-04	0.625859345982495	0.674477710696815	115.996844375934	0.98015873015873	0.561424603174603	0.21910568355506	0.504140943306334
m2	66	Egg	2	2	0	0.249478558793886	0.0995265830865202	127.571005331052	0.987125220458554	0.572666666666667	0.192551295793396	0.510444102730202
m3	66	Egg	2	2	0	0.994014026073376	0.183121718638658	80.5032492413685	0.884285714285714	0.247289682539683	0.151808616983358	0.173683968373093
m4	66	Egg	2	2	1e-04	0.959238794943007	0.801355060451856	101.81908503271	0.94292328042328	0.5885	0.236366876157173	0.532423820202617
m5	66	Egg	2	2	0.1	1.761919610444	0.305908983495803	101.808028700805	0.819333333333333	0.212583333333333	0.150399562410607	0.150205202103747
m6	66	Egg	2	2	0.1	1.0063158320216	0.294966115526684	107.364262524824	0.93111658456486	0.47047619047619	0.192113722218964	0.403184881768628
m7	66	Egg	2	2	0	0.460488800650038	0.1373935476047	119.365567978428	0.964163614163614	0.507865079365079	0.201594390065235	0.439610816059045
m1	67	Egg	2	2	0.1	1.15647807694676	0.244665842171115	151.277167164087	0.922681704260652	0.465948412698413	0.184125962127706	0.401977275184052
m2	67	Egg	2	2	0.1	1.11884440236778	0.226332497278145	142.012844684112	0.933253968253968	0.474099206349206	0.204929330864351	0.407263116948096
m3	67	Egg	2	2	0	1.07437129501907	0.217656590551293	80.5032492413685	0.893622448979592	0.24822619047619	0.147606876156508	0.180193253513441
m4	67	Egg	2	2	0.1	1.28135791939215	0.219114318846026	103.545177475881	0.913333333333333	0.418849206349206	0.18813200719113	0.354318576961472
m5	67	Egg	2	2	0.1	2.09806849208919	0.292209587296334	86.0714939746918	0.724537037037037	0.144753968253968	0.126803016137724	0.0827978253351749
m6	67	Egg	2	2	0.1	1.41957549141573	0.307232455167928	112.055510762678	0.883928571428571	0.315	0.18394702204308	0.244432415249775
m7	67	Egg	2	2	0.1	1.3331258770312	0.27016430477109	98.9094400084308	0.90615763546798	0.331734126984127	0.19768081670632	0.262942414179549
m1	68	Egg	2	2	0.1	1.17536228452841	0.322093948465474	129.81908503344	0.929146141215107	0.433738095238095	0.21312907473318	0.364744154394172
m2	68	Egg	2	2	0.1	1.38363107957762	0.371799482420783	156.934549257622	0.881666666666667	0.403011904761905	0.20070441056223	0.338533271438744
m3	68	Egg	2	2	0.1	1.77413756618049	0.237434557249462	115.501123594761	0.872727272727273	0.182214285714286	0.149016241220569	0.115340578368409
m4	68	Egg	2	2	0.1	1.27160007238058	0.287540945640851	116.109899906601	0.941798941798942	0.424138888888889	0.218026876587245	0.365927213201307
m5	68	Egg	2	2	0.1	1.90218100208547	0.309532923807281	85.3666368050442	0.765396825396825	0.176123015873016	0.141994908923779	0.115589500909895
m6	68	Egg	2	2	0.1	1.4495071906809	0.324738302150955	111.183347555356	0.860347985347985	0.344607142857143	0.164837628862476	0.27720855934894
m7	68	Egg	2	2	0.1	1.50153239798682	0.328044365831982	111.183347547535	0.841543513957307	0.341166666666667	0.183294127428512	0.271724508448896
m1	69	Egg	2	2	0.1	0.74845408156342	0.30017989775592	126.20095249193	0.963865546218487	0.562960317460317	0.258408653973595	0.507168719409426
m2	69	Egg	2	2	0.1	0.997608639427336	0.244836449702441	141.023710239991	0.948039215686274	0.511321428571429	0.207586788224946	0.452101025693291
m3	69	Egg	2	2	0	0.986866743032499	0.187666268200371	80.5032492413685	0.913177339901478	0.245492063492063	0.176073676776306	0.175936365727247
m4	69	Egg	2	2	1e-04	0.58623162410311	0.661682551138527	101.819085048225	0.97547619047619	0.568984126984127	0.235777261642389	0.513603976429752
m5	69	Egg	2	2	0.1	1.89504901787075	0.316220221253345	88.3061584791044	0.758809523809524	0.182765873015873	0.155533224394928	0.124352973287209
m6	69	Egg	2	2	0.1	1.15718107678275	0.382097986150367	117.545177492694	0.876636904761905	0.473107142857143	0.207459142672199	0.414157216610818
m7	69	Egg	2	2	0.1	1.27049616650844	0.357550273033069	107.364262520607	0.872081413210446	0.444261904761905	0.193047918100597	0.375518013324844
m1	70	Egg	2	2	0.1	1.30612719269505	0.450048769904688	166.065554389144	0.888227513227513	0.427400793650794	0.211089978694182	0.35699186150757
m2	70	Egg	2	2	0.1	1.26709716962524	0.349173738036137	156.934549257622	0.895333333333333	0.422734126984127	0.221467784257557	0.359209925186132
m3	70	Egg	2	2	0.1	1.79937478455866	0.17170056672036	94.5310893822053	0.854285714285714	0.145218253968254	0.131250957770989	0.0889117298813421
m4	70	Egg	2	2	0.1	1.37406299119975	0.2176035897345	130.136658611242	0.898768472906404	0.381206349206349	0.206310279563608	0.316839367099133
m5	70	Egg	2	2	0.1	2.0650807883647	0.390756665564124	117.053715381261	0.697435897435897	0.152738095238095	0.130268283972391	0.0947676387023896
m6	70	Egg	2	2	0.1	1.54044133298783	0.405642769990882	123.457255122966	0.83010752688172	0.347059523809524	0.180967526691407	0.278311872099175
m7	70	Egg	2	2	0.1	1.62809553248762	0.3523461039586	111.183347536383	0.799823633156966	0.305007936507937	0.19901942491838	0.238297963512549
m1	71	Egg	2	2	1e-04	0.753431183439294	0.771033791926	129.819085039223	0.952958152958153	0.570003968253968	0.209814653149527	0.511013343321326
m2	71	Egg	2	2	0	0.238734495455715	0.117222358934101	127.571005331052	0.981292517006803	0.583996031746032	0.209474694460761	0.521687462058472
m3	71	Egg	2	2	0	1.05814794756108	0.213220998442749	80.5032492413685	0.90921768707483	0.255440476190476	0.161725636470501	0.191194134198781
m4	71	Egg	2	2	0.1	1.0540536383475	0.190234042436565	116.1128684102	0.93552380952381	0.444095238095238	0.212039488384957	0.384703143518727
m5	71	Egg	2	2	0.1	1.77723662110603	0.388817913393331	115.518861845718	0.811355311355311	0.218178571428571	0.162642518026954	0.155765109247247
m6	71	Egg	2	2	0.1	0.953529151744875	0.29534024807912	119.638170065389	0.92281746031746	0.513035714285714	0.22557372530657	0.445887748391879
m7	71	Egg	2	2	0	0.458348731315511	0.137555142205126	119.365567978428	0.963452380952381	0.470690476190476	0.200724253531311	0.409343434150773
m1	72	Egg	2	2	0.1	0.800364738895587	0.200963775689211	149.983009114689	0.963214285714286	0.520765873015873	0.201216616085798	0.4590005905867
m2	72	Egg	2	2	0	0.247831791602337	0.089303823673928	127.571005331052	0.981887755102041	0.584865079365079	0.202361200688529	0.526281417681262
m3	72	Egg	2	2	0	0.989931614940848	0.199044546708926	80.5032492413685	0.907224958949097	0.22897619047619	0.171635228638652	0.16182319913645
m4	72	Egg	2	2	0.1	1.09388249621402	0.241048720365523	116.1128684102	0.915401785714286	0.484440476190476	0.198298686940458	0.421367171637933
m5	72	Egg	2	2	0.1	1.66181260844697	0.330421803511337	115.518861845718	0.815750915750916	0.223555555555556	0.177540765701297	0.162740773083083
m6	72	Egg	2	2	0.1	1.00379664831348	0.217446240427505	119.638170065389	0.917245817245817	0.50125	0.221288453484729	0.439636272641975
m7	72	Egg	2	2	0	0.416360938490174	0.137725861239186	119.365567978428	0.975438596491228	0.430944444444444	0.195702103468068	0.364613951659824
m1	73	Egg	2	2	0.1	0.810440535052357	0.270324710199733	151.263823628697	0.96969696969697	0.521107142857143	0.232727914043588	0.451740677240365
m2	73	Egg	2	2	0	0.250300955661703	0.0949761917690507	103.827009929674	0.976428571428571	0.548666666666667	0.220718427624009	0.484602759057124
m3	73	Egg	2	2	0	0.965810170020504	0.156337399085424	80.5032492413685	0.915384615384615	0.280257936507937	0.150712791234498	0.205107937822826
m4	73	Egg	2	2	0.1	1.05831356938668	0.230816305326545	116.120686091294	0.941666666666667	0.47152380952381	0.210529833693925	0.403006410604979
m5	73	Egg	2	2	0.1	1.76131099823254	0.309553523620588	93.7325493408207	0.779365079365079	0.242884920634921	0.167365061533984	0.176912970005858
m6	73	Egg	2	2	0.1	1.25878212221816	0.296539817248398	130.565298034856	0.915384615384615	0.355369047619048	0.178751512129856	0.280243970191125
m7	73	Egg	2	2	0	0.702475525897605	0.17496507211489	108.964348489865	0.948275862068966	0.36556746031746	0.203698197540258	0.29766032775465
m1	74	Egg	2	2	1e-04	0.364204880587543	0.509855472438397	115.819085038838	0.978985507246377	0.532174603174603	0.231837612944196	0.465245071258625
m2	74	Egg	2	2	0	0.264540369409903	0.125304708132876	103.81488698851	0.970488721804511	0.589940476190476	0.217428331611471	0.527703437499244
m3	74	Egg	2	2	0	0.99698962150552	0.186905728716595	80.5032492413685	0.903968253968254	0.269765873015873	0.150322215804345	0.204384759297134
m4	74	Egg	2	2	1e-04	0.692017924302696	0.849562256708257	101.81908503271	0.957971014492754	0.528515873015873	0.210979639052092	0.467472775767845
m5	74	Egg	2	2	0.1	1.76224916977786	0.3617592495806	83.7551081745098	0.815432098765432	0.220535714285714	0.163586722113944	0.161149772161237
m6	74	Egg	2	2	1e-04	0.870538003791118	0.77042397532688	107.364262524824	0.960215053763441	0.454960317460317	0.189853617699329	0.385546061267249
m7	74	Egg	2	2	0	0.48680724714046	0.117263639551743	119.365567978428	0.96264367816092	0.456325396825397	0.214850611566612	0.3929493675495
m1	75	Egg	2	2	0.1	0.87796314796319	0.314259402480249	140.000103644403	0.948771121351767	0.528583333333333	0.246056056398755	0.475151778288972
m2	75	Egg	2	2	0.1	1.19993471494055	0.281516356005679	143.477603060181	0.919871794871795	0.45825	0.1823551560424	0.39385363624075
m3	75	Egg	2	2	0.1	1.66556381199804	0.22090669937151	94.5310893822053	0.866666666666667	0.176916666666667	0.138036126137873	0.109528228329807
m4	75	Egg	2	2	0.1	1.06626323540278	0.276861126836316	126.312923655486	0.941975308641975	0.504595238095238	0.232701595695686	0.451887916620641
m5	75	Egg	2	2	0.1	1.71796838624621	0.277163487463278	94.9174885399113	0.773333333333333	0.254083333333333	0.181939556742499	0.182788241545588
m6	75	Egg	2	2	0.1	1.24918809074671	0.306312280884819	119.638170059793	0.872857142857143	0.472059523809524	0.212889366844924	0.409275994030608
m7	75	Egg	2	2	0.1	1.33929038776301	0.311415241726575	98.909439997435	0.903472222222222	0.327654761904762	0.175102743199955	0.253772272578349
m1	76	Egg	2	2	0.1	1.14911216868175	0.359903571031957	131.545177488368	0.923727422003284	0.419119047619048	0.179060483109664	0.346422548085025
m2	76	Egg	2	2	0.1	1.21229345590112	0.29861302878477	117.84065664412	0.923571428571429	0.41681746031746	0.215433750184243	0.354905707971038
m3	76	Egg	2	2	0.1	1.73445906480317	0.244728743343412	94.5310887268312	0.851942355889724	0.162293650793651	0.16326987767455	0.101388682981773
m4	76	Egg	2	2	0.1	1.27044224640743	0.24278912316606	131.841070824879	0.934920634920635	0.369277777777778	0.1923355944497	0.301932170129238
m5	76	Egg	2	2	0.1	1.60881796126252	0.199103284924728	114.622128733376	0.854301075268817	0.201619047619048	0.141809964447777	0.138661740531055
m6	76	Egg	2	2	0.1	1.34225580176306	0.28069105314227	111.394221403767	0.869113756613757	0.358757936507937	0.180551210245351	0.280939900393686
m7	76	Egg	2	2	0.1	1.42010483902054	0.21346363106952	98.9094399994006	0.888423645320197	0.366607142857143	0.169822082822707	0.292233199660426
m1	77	Egg	2	2	0.1	1.37131184332915	0.495837311615857	130.024719945595	0.913577863577864	0.45375	0.194849562882087	0.3827585924502
m2	77	Egg	2	2	0.1	1.35292838559064	0.289930383925922	156.934549257622	0.909195402298851	0.400345238095238	0.184541403605039	0.335462337410919
m3	77	Egg	2	2	0.1	1.73422567637923	0.194014505746047	115.501123594761	0.865986394557823	0.155019841269841	0.111615238068875	0.0928771685422328
m4	77	Egg	2	2	0.1	1.32549566202811	0.274582526765519	115.819085047477	0.913809523809524	0.445206349206349	0.187905343915255	0.374878594787859
m5	77	Egg	2	2	0.1	1.90256027965203	0.325073766059092	103.319265435958	0.761160714285714	0.168345238095238	0.13034709392806	0.102027946185901
m6	77	Egg	2	2	0.1	1.43143558938962	0.323232377571653	111.183347555356	0.872916666666667	0.332678571428571	0.199274418427851	0.265711300302304
m7	77	Egg	2	2	0.1	1.60469484051265	0.372107651243484	111.183347536383	0.81141975308642	0.300190476190476	0.184152617387747	0.236595829864404
m1	78	Egg	2	2	0.1	1.44445891091496	0.323755556523433	180.248032373873	0.88037518037518	0.394511904761905	0.168756557533688	0.322952871041072
m2	78	Egg	2	2	0.1	1.32626021787921	0.366130697272899	156.934549257622	0.888259441707718	0.447515873015873	0.186386253326583	0.377947973529078
m3	78	Egg	2	2	0.1	1.79896195672117	0.197455588086223	94.5310887268312	0.853439153439153	0.168345238095238	0.135477280436648	0.105529258322531
m4	78	Egg	2	2	0.1	1.66141095194479	0.334159980144626	131.876144175169	0.866233766233766	0.329265873015873	0.176319601833015	0.265684047050305
m5	78	Egg	2	2	0.1	2.26214576053227	0.377947621641934	120.349894766637	0.641666666666667	0.112468253968254	0.126218722731894	0.0516123394161573
m6	78	Egg	2	2	0.1	1.60751246775855	0.324905172650591	136.410758801338	0.821825396825397	0.29802380952381	0.196011240609835	0.231826080140442
m7	78	Egg	2	2	0.1	1.63976290807063	0.356979633649073	111.183347547535	0.794	0.293202380952381	0.162048847180801	0.223163566155602
m1	79	Egg	2	2	0.1	1.21136003724945	0.33311491387117	143.819085036039	0.915336134453781	0.47352380952381	0.195724657378064	0.402494405034662
m2	79	Egg	2	2	0.1	1.16723594186765	0.302610966669251	117.84065664412	0.917222222222222	0.427587301587302	0.2026420448756	0.362397482150069
m3	79	Egg	2	2	0.1	1.69930265267187	0.21309915515099	94.2737026401681	0.867380952380952	0.152071428571429	0.126056725745889	0.0897008027874185
m4	79	Egg	2	2	0.1	1.30258034892207	0.211190681387674	130.136658611242	0.916710758377425	0.406845238095238	0.178192669906151	0.335685095642076
m5	79	Egg	2	2	0.1	1.92212886445627	0.332687906708902	96.5051379998216	0.721351766513057	0.177952380952381	0.162906149713889	0.116093797583143
m6	79	Egg	2	2	0.1	1.2818204100839	0.354729549144179	123.457255087019	0.881814449917898	0.349488095238095	0.210184979306889	0.276446159256274
m7	79	Egg	2	2	0.1	1.49235297419494	0.311503355067372	98.9094399994006	0.867522321428571	0.322543650793651	0.178056645762802	0.24438225959797
m1	80	Egg	2	2	0.1	0.939351270721381	0.315529721357361	140.000103644403	0.957057823129252	0.519543650793651	0.227182392651777	0.460937408600489
m2	80	Egg	2	2	0.1	1.18182752621797	0.268999089076911	143.477603060181	0.944013605442177	0.44831746031746	0.212330435031257	0.381275830336261
m3	80	Egg	2	2	0.1	1.7465904781715	0.221734183419523	115.501123594761	0.88010752688172	0.167702380952381	0.133626727356985	0.105452075952756
m4	80	Egg	2	2	0.1	1.04999392461053	0.248792115969343	126.312923655486	0.961552028218695	0.50640873015873	0.219953332733017	0.447837403677502
m5	80	Egg	2	2	0.1	1.59506935063547	0.229340475705884	115.36766099741	0.833758503401361	0.225761904761905	0.164330890749858	0.155479257934939
m6	80	Egg	2	2	0.1	1.08043069024637	0.283233493985552	119.638170059793	0.907414965986395	0.464051587301587	0.225184495886199	0.408208646369988
m7	80	Egg	2	2	0.1	1.35152884380513	0.264608833475383	98.909439997435	0.902344877344877	0.355178571428571	0.184200323606206	0.28364164051052
m1	81	Egg	2	2	0	5.94582667899976e-06	6.21213185365981e-06	134.220125003792	1	0.737714285714286	0.24533059333315	0.698657186590051
m2	81	Egg	2	2	0	0.256251170620968	0.114860803037889	103.827009929674	0.976373626373626	0.564380952380952	0.21720808567301	0.502927138371034
m3	81	Egg	2	2	0	1.02896192921314	0.187023779440719	80.5032492413685	0.909637188208617	0.265801587301587	0.175384894111437	0.202260062908489
m4	81	Egg	2	2	0	3.91711528055433e-06	3.86041683762948e-06	125.985825593831	1	0.681214285714286	0.228481948725247	0.632836464884441
m5	81	Egg	2	2	0	0.973864619220239	0.142308646643184	80.5032544510519	0.906938775510204	0.253698412698413	0.162717210519087	0.181971034113736
m6	81	Egg	2	2	0	0.488486928427012	0.183367963263319	114.077083121462	0.967765567765568	0.488714285714286	0.219221486615191	0.422475645652992
m7	81	Egg	2	2	0	0.63885480234479	0.125362920108936	108.964348489865	0.934313725490196	0.391579365079365	0.188509387826932	0.315930142191197
m1	82	Egg	2	2	0.1	1.20498602488168	0.361369010053197	143.819085036039	0.890384615384615	0.406	0.210716284438443	0.337939098940606
m2	82	Egg	2	2	0.1	1.10837524282127	0.302708858144746	117.545177476551	0.931578947368421	0.48052380952381	0.240949374680621	0.423893394075072
m3	82	Egg	2	2	0.1	1.74330666980475	0.229263640898715	94.2737026374166	0.857142857142857	0.150531746031746	0.13340087603589	0.0879382963288471
m4	82	Egg	2	2	0.1	1.38611638603423	0.284885999005435	129.81908504321	0.896062271062271	0.378115079365079	0.188355222979935	0.31168556627967
m5	82	Egg	2	2	0.1	1.86841255350221	0.294009579228726	96.505138043854	0.736712749615975	0.187718253968254	0.150697107300061	0.126361933581848
m6	82	Egg	2	2	0.1	1.49503617771517	0.327230558818848	123.457255087019	0.852164502164502	0.354873015873016	0.187981888752867	0.287588356968769
m7	82	Egg	2	2	0.1	1.38883089026994	0.24747542432896	122.839911385729	0.915399385560676	0.317785714285714	0.172728011254315	0.250913792382062
m1	83	Egg	2	2	0.1	0.969277994002724	0.316870452257642	117.545177491003	0.940886699507389	0.451797619047619	0.201002114393949	0.380413829112289
m2	83	Egg	2	2	0.1	1.15708116629262	0.260308241993615	143.477603060181	0.924074074074074	0.487416666666667	0.214208490106693	0.420253225744749
m3	83	Egg	2	2	0.1	1.77401441669277	0.227452008345626	115.501123594761	0.867729591836735	0.160444444444444	0.14565294480507	0.101970451771135
m4	83	Egg	2	2	1e-04	1.10594777328169	0.816763724219013	117.818953395656	0.968181818181818	0.505507936507936	0.217386116035692	0.440372525209807
m5	83	Egg	2	2	0.1	1.62228379533911	0.235991029770905	82.583995862618	0.860215053763441	0.192964285714286	0.159796033064917	0.129468295390942
m6	83	Egg	2	2	0.1	1.25236603306854	0.333511990473162	116.926978702423	0.933333333333333	0.326757936507936	0.191450931185959	0.253293666690495
m7	83	Egg	2	2	0.1	1.32945043354181	0.247793740386255	99.258370538587	0.916409266409266	0.340039682539683	0.171010010348122	0.275036835295093
m1	84	Egg	2	2	0.1	1.25679705831616	0.319398786888034	129.81908503344	0.899908424908425	0.3935	0.220970052780417	0.331437969659451
m2	84	Egg	2	2	0.1	1.2199036290375	0.277406948177052	156.934549257622	0.920197044334975	0.428952380952381	0.216359605132075	0.36368305661861
m3	84	Egg	2	2	0.1	1.74009242361356	0.244210171621165	94.5310893822053	0.848677248677249	0.152162698412698	0.139491242599219	0.0917589013544263
m4	84	Egg	2	2	0.1	1.35385761007454	0.251919175978841	116.109899906601	0.924206349206349	0.456968253968254	0.173153897092453	0.391587445360856
m5	84	Egg	2	2	0.1	1.912148567236	0.327537006697066	103.319265435958	0.776938775510204	0.193503968253968	0.142117221110929	0.127906803199769
m6	84	Egg	2	2	0.1	1.50595648875248	0.357685963431518	111.183347555356	0.8498712998713	0.360551587301587	0.174462052292989	0.287729177436664
m7	84	Egg	2	2	0.1	1.63858487595719	0.421856587226115	111.183347543986	0.797519841269841	0.298996031746032	0.17566735596569	0.229822512526942
m1	85	Egg	2	2	0.1	1.18837019696694	0.33731142304856	143.819085036039	0.916165413533835	0.430607142857143	0.191805001106788	0.359416425411898
m2	85	Egg	2	2	0.1	1.15952129786982	0.291111053913892	117.545177476551	0.926108374384236	0.423761904761905	0.194298316561164	0.355022043985969
m3	85	Egg	2	2	0.1	1.69812744736782	0.178256767174155	94.5310887268312	0.863832199546485	0.160904761904762	0.127656467739389	0.0982690267985293
m4	85	Egg	2	2	0.1	1.34722512295722	0.263023543793103	130.136658611242	0.90531746031746	0.408730158730159	0.183150602637622	0.342316956237428
m5	85	Egg	2	2	0.1	1.90955426269623	0.333041388333479	96.8155731935131	0.738137755102041	0.16247619047619	0.145066142226145	0.10247842131392
m6	85	Egg	2	2	0.1	1.43717245429279	0.345150613894772	123.457255087019	0.856269841269841	0.352214285714286	0.187937021334758	0.280255456049837
m7	85	Egg	2	2	0.1	1.36204984569575	0.307006439956409	99.258370538587	0.895375457875458	0.331309523809524	0.189180014245002	0.263228486887664
m1	86	Egg	2	2	0.1	1.03487668256512	0.344981158350128	128.772588742139	0.929877112135177	0.535972222222222	0.211651209543191	0.472518693142848
m2	86	Egg	2	2	0.1	0.929851567548969	0.191880525366285	141.023710239991	0.948540706605223	0.50927380952381	0.210223051518767	0.446968540177722
m3	86	Egg	2	2	0	0.947546923347478	0.178744046281828	80.5032492413685	0.918	0.27152380952381	0.161718769607726	0.205192233364852
m4	86	Egg	2	2	0.1	1.16943261025799	0.221960029859881	103.54517749141	0.93734693877551	0.517190476190476	0.211725278118273	0.461210436874667
m5	86	Egg	2	2	0.1	2.13651026819568	0.36521739700566	105.336112321678	0.686688311688312	0.159559523809524	0.139728902245305	0.0985952103988032
m6	86	Egg	2	2	0.1	1.21796397610501	0.294355814869095	120.514245899141	0.897232947232947	0.447079365079365	0.185156902945787	0.378641216475924
m7	86	Egg	2	2	0.1	1.20114430414829	0.296345476055165	107.364262520607	0.909208683473389	0.468781746031746	0.204934400776171	0.405277571229223
m1	87	Egg	2	2	1e-04	0.655440839074123	0.852382296894795	115.819085029713	0.964942528735632	0.550464285714286	0.231602360076332	0.491037227659062
m2	87	Egg	2	2	0	0.224610221825317	0.103283346193882	128.56207538631	0.979064039408867	0.563805555555556	0.218838390621144	0.503716814684572
m3	87	Egg	2	2	0	0.977702955274365	0.208224139525594	80.5032492413685	0.916137566137566	0.275452380952381	0.156333894768159	0.201886420162886
m4	87	Egg	2	2	1e-04	0.780824796204457	0.658925450961629	101.819085039776	0.966190476190476	0.575142857142857	0.206533680999283	0.51339218838691
m5	87	Egg	2	2	0.1	1.73925047923273	0.284504053453997	82.6096023691144	0.797222222222222	0.19143253968254	0.148711940587422	0.11901023626397
m6	87	Egg	2	2	1e-04	1.0593773441152	0.707020021878734	116.892573856664	0.938013136288998	0.341666666666667	0.165687272156473	0.268034660731024
m7	87	Egg	2	2	0	0.65909813674887	0.154187624548055	108.964348489865	0.944749694749695	0.416559523809524	0.173202774378688	0.341381787013733
m1	88	Egg	2	2	1e-04	0.33914908655326	0.462559188703044	137.062807411885	0.98394777265745	0.60134126984127	0.232525918213264	0.543429742068659
m2	88	Egg	2	2	0	0.260371524558827	0.0908500525066675	128.56207538631	0.980208333333333	0.587400793650794	0.208715849961386	0.527002026680142
m3	88	Egg	2	2	0	0.987525621859423	0.211874895790567	80.5032492413685	0.883180708180708	0.283130952380952	0.177128696074597	0.209144137572694
m4	88	Egg	2	2	1e-04	0.91752859129082	0.852736647104059	101.819085039776	0.954885057471264	0.54625	0.223956422207197	0.483316457430842
m5	88	Egg	2	2	0.1	1.87168073936951	0.323993391046771	82.6096023691144	0.755809523809524	0.205416666666667	0.158862172285666	0.137224391093039
m6	88	Egg	2	2	1e-04	0.961934583563394	0.525843421174001	116.892573856664	0.937654320987654	0.345777777777778	0.185864345202388	0.276332141156288
m7	88	Egg	2	2	0	0.676142113160456	0.130061298009576	108.964348489865	0.941558441558442	0.372047619047619	0.179732497441545	0.299876554390381
m1	89	Egg	2	2	0.1	0.872364158324702	0.243069699072895	130.012091336384	0.956926406926407	0.502261904761905	0.195104711355798	0.438459403726737
m2	89	Egg	2	2	0.1	0.891853799827599	0.25780767133165	141.023710239991	0.95647619047619	0.499035714285714	0.238723839218862	0.445290245819664
m3	89	Egg	2	2	0	0.960925557718552	0.170167493399737	80.5032492413685	0.918312324929972	0.285642857142857	0.156948589598338	0.215248545672217
m4	89	Egg	2	2	0.1	1.04064921322296	0.256168772663871	116.1128684102	0.945495495495495	0.515638888888889	0.2220921930486	0.458700101496162
m5	89	Egg	2	2	0.1	1.81044384570001	0.280872309218173	115.518861845718	0.760963455149502	0.242607142857143	0.154852370699005	0.166241129618869
m6	89	Egg	2	2	0.1	1.16830851621113	0.351788362624086	119.638170080375	0.88044733044733	0.454559523809524	0.235005448047033	0.389419918599582
m7	89	Egg	2	2	0.1	1.20191330648314	0.262220605745624	107.364262520607	0.911700680272109	0.457424603174603	0.215644170998989	0.398615086965015
m1	90	Egg	2	2	1e-04	0.821656562779745	0.854684187717093	137.062807411885	0.970175438596491	0.603623015873016	0.231790995266616	0.54750620703903
m2	90	Egg	2	2	0	0.269414296220288	0.0789464675861197	103.827009929674	0.98234126984127	0.548805555555556	0.216817723151782	0.490660089536763
m3	90	Egg	2	2	0	0.954249623575095	0.145065355345944	80.5032492413685	0.908024691358025	0.276428571428571	0.13918322416097	0.203273364353935
m4	90	Egg	2	2	1e-04	0.716289481620477	0.639784626498518	101.819085039776	0.971957671957672	0.551154761904762	0.229959201901707	0.492115468263406
m5	90	Egg	2	2	0.1	1.67102386604809	0.240009534566266	102.220922062246	0.826785714285714	0.20718253968254	0.144277236337019	0.1411747183574
m6	90	Egg	2	2	1e-04	0.985265856306972	0.572810329982611	98.9094400485113	0.937040816326531	0.356261904761905	0.166711549993017	0.283420209881796
m7	90	Egg	2	2	0	0.742016713963641	0.190729576525906	108.964348489865	0.963520408163265	0.361428571428571	0.170744033706546	0.291500082060882
m1	91	Egg	2	2	0.1	1.08291495074483	0.302884777946402	131.545177488368	0.932095238095238	0.408285714285714	0.19531990911771	0.342640133298815
m2	91	Egg	2	2	0.1	1.16763244021303	0.311307073992474	117.545177476551	0.915391156462585	0.429880952380952	0.224160500490325	0.365985670265497
m3	91	Egg	2	2	0.1	1.76400816084597	0.232291093739171	94.5310887268312	0.861160714285714	0.145337301587302	0.141445854977664	0.084278828016995
m4	91	Egg	2	2	0.1	1.23465849454335	0.342228422893575	131.841070157084	0.943571428571429	0.422702380952381	0.197499576695928	0.356284757386578
m5	91	Egg	2	2	0.1	1.65661103762928	0.241379513135726	93.7325494805471	0.823904761904762	0.204873015873016	0.159793049076062	0.141573126000766
m6	91	Egg	2	2	0.1	1.38463888287576	0.30352834084142	111.3942213642	0.857575757575758	0.348293650793651	0.159803773557443	0.277397312991638
m7	91	Egg	2	2	0.1	1.41065532128571	0.219023626894364	98.9094399994006	0.873069498069498	0.369920634920635	0.17619845657328	0.29644473410351
m1	92	Egg	2	2	0	0.224061913019839	0.124043935269711	123.942348200846	0.979877112135177	0.57765873015873	0.222480877865038	0.519349669338214
m2	92	Egg	2	2	0	0.255627289777701	0.100269641965523	103.827009929674	0.973316912972085	0.565527777777778	0.212604432732271	0.499757958230667
m3	92	Egg	2	2	0	0.954017407937092	0.132271957933131	80.5032492413685	0.916666666666667	0.244333333333333	0.16907650370738	0.17608667832848
m4	92	Egg	2	2	0	0.214434782265079	0.122647264123284	129.250952938545	0.985057471264368	0.551492063492063	0.242892646271374	0.494316603683728
m5	92	Egg	2	2	0	0.980918056144078	0.138304670154995	80.5032525831625	0.922874149659864	0.25125	0.150597234329063	0.190253692498086
m6	92	Egg	2	2	0	0.738713285241529	0.150431600292433	103.51684229622	0.957738095238095	0.372674603174603	0.168937363412882	0.299516360989596
m7	92	Egg	2	2	0	0.665651195517926	0.163478397817545	108.964348489865	0.948469387755102	0.377198412698413	0.192626578587721	0.307633427133479
m1	93	Egg	2	2	0.1	1.00811899224799	0.285348454845252	128.772588749737	0.949206349206349	0.508547619047619	0.212889698020393	0.44696130718348
m2	93	Egg	2	2	0.1	1.04106370452197	0.281209627586264	142.012844684112	0.951739926739927	0.507293650793651	0.202451257252453	0.447549472222067
m3	93	Egg	2	2	0	0.970284823766728	0.157338802060331	80.5032492413685	0.913730158730159	0.248305555555556	0.177066061935262	0.180664817872434
m4	93	Egg	2	2	0.1	1.38324218059184	0.263436618699759	103.545177474214	0.859603174603175	0.452011904761905	0.20748781871231	0.384046074193282
m5	93	Egg	2	2	0.1	2.03855059310782	0.302649744814137	105.235356538038	0.734095238095238	0.142753968253968	0.119636492092802	0.0779789922444915
m6	93	Egg	2	2	0.1	1.43091106207027	0.283115942629716	112.05551077067	0.888392857142857	0.335730158730159	0.150212947327725	0.263078576032139
m7	93	Egg	2	2	0.1	1.43114250976861	0.303950988504099	98.9094400084308	0.902092352092352	0.360488095238095	0.164642478045874	0.286470585153157
m1	94	Egg	2	2	0.1	1.35543455610627	0.318925286888622	143.819085040644	0.884444444444444	0.404948412698413	0.17437920590139	0.335997246597039
m2	94	Egg	2	2	0.1	1.39695230636933	0.354613017914005	156.934549257622	0.882407407407407	0.415619047619048	0.202668166171077	0.346608094167922
m3	94	Egg	2	2	0.1	1.76712256822668	0.225557793767108	115.501123594761	0.866666666666667	0.158626984126984	0.144027245977721	0.102993507296289
m4	94	Egg	2	2	0.1	1.25758733841475	0.230893291096128	130.136658611242	0.934215167548501	0.399337301587302	0.200839195352043	0.32755648851392
m5	94	Egg	2	2	0.1	1.95805238038531	0.290001288456616	96.5051381020442	0.725595238095238	0.171079365079365	0.144512793330085	0.112617955585939
m6	94	Egg	2	2	0.1	1.48641474965821	0.377365388830923	123.457255122966	0.845568783068783	0.347738095238095	0.180636725962722	0.273762900362823
m7	94	Egg	2	2	0.1	1.55197791108869	0.258040494811819	111.183347547535	0.819795918367347	0.343646825396825	0.188734905086335	0.280346597764789
m1	95	Egg	2	2	0.1	1.43534205927508	0.355930665274042	180.248032373873	0.883771929824561	0.386119047619048	0.196982523804163	0.317566884310898
m2	95	Egg	2	2	0.1	1.24873500355999	0.293606464278262	156.934549257622	0.889030612244898	0.440357142857143	0.209082210693464	0.377890481592534
m3	95	Egg	2	2	0.1	1.72955288602005	0.224127250812359	115.501123594761	0.869187675070028	0.168015873015873	0.138830606887883	0.109743178093965
m4	95	Egg	2	2	0.1	1.61311194214173	0.357811059778154	131.876106234458	0.857936507936508	0.331964285714286	0.197192886390636	0.26509324607845
m5	95	Egg	2	2	0.1	2.34280403149217	0.321318804711394	120.349894766637	0.621052631578947	0.117678571428571	0.106474772284368	0.0585997142604179
m6	95	Egg	2	2	0.1	1.7326486829908	0.380926777595221	136.410758801338	0.772689075630252	0.336083333333333	0.168424172737478	0.265438136752557
m7	95	Egg	2	2	0.1	1.65812727141682	0.317769625011225	111.183347544166	0.787345679012346	0.299285714285714	0.168640904556856	0.230452180647811
m1	96	Egg	2	2	0.1	1.06354913056561	0.331198911930143	129.819085046272	0.933333333333333	0.503031746031746	0.210983156042688	0.435190029120107
m2	96	Egg	2	2	0.1	1.23904628575424	0.306806909790013	117.545177476551	0.900744047619048	0.428928571428571	0.211435571007207	0.367000923081974
m3	96	Egg	2	2	0.1	1.77327313058146	0.2429143179031	94.5310893822053	0.852564102564103	0.148333333333333	0.147312479382838	0.0886180554949443
m4	96	Egg	2	2	0.1	1.31450686073225	0.30108213018471	116.109899906601	0.913824884792627	0.429365079365079	0.210829714595242	0.365880294063408
m5	96	Egg	2	2	0.1	1.87010898960052	0.273115124255683	103.319265435958	0.769251700680272	0.168480158730159	0.151332518754506	0.104434143480884
m6	96	Egg	2	2	0.1	1.35239789274202	0.312339356050651	111.183347582727	0.894777265745008	0.322293650793651	0.168400448737626	0.247957380547745
m7	96	Egg	2	2	0.1	1.43926155483861	0.297291621042293	98.909439997435	0.866428571428571	0.361178571428571	0.1741516442061	0.290985281051852
m1	97	Egg	2	2	0	4.53930821169583e-06	5.50872872557496e-06	133.658557067789	1	0.662579365079365	0.250973032674148	0.616148932600163
m2	97	Egg	2	2	0	4.15721448692085e-06	3.63098740292154e-06	138.719043861071	1	0.67584126984127	0.266939340424253	0.62849331492089
m3	97	Egg	2	2	0	0.962491169518889	0.180944971938701	80.5032492413685	0.922321428571429	0.268642857142857	0.162480163686126	0.198294575303711
m4	97	Egg	2	2	0	5.43527324604129e-06	5.26775195184467e-06	125.985825593831	1	0.647238095238095	0.264931506922321	0.597270114661217
m5	97	Egg	2	2	0	1.04326945465655	0.202634171568178	80.5032529666465	0.89967824967825	0.222059523809524	0.16674055729949	0.150629871168311
m6	97	Egg	2	2	0	0.521337556829424	0.150808274894116	113.595373234922	0.971611721611722	0.443257936507936	0.181104901550873	0.371991571184588
m7	97	Egg	2	2	0	0.422620983524897	0.17117481057004	119.365567978428	0.963095238095238	0.468392857142857	0.216862900989655	0.405115210213217
m1	98	Egg	2	2	0	0.313057878225019	0.241933865011057	117.725689673677	0.989761904761905	0.58352380952381	0.216389697648272	0.527350240892769
m2	98	Egg	2	2	0	0.228717184118381	0.116460527139327	127.571005331052	0.980538302277433	0.564305555555556	0.202148196446792	0.504129592620452
m3	98	Egg	2	2	0	0.997954152793681	0.127430095756398	80.5032492413685	0.909920634920635	0.227083333333333	0.148303408205172	0.159978978828045
m4	98	Egg	2	2	1e-04	0.625101648366515	0.36328077616442	117.816751774943	0.97014157014157	0.50175	0.196172669535551	0.431958530901236
m5	98	Egg	2	2	0.1	1.48644919836296	0.169411279524819	91.6395566895053	0.859018759018759	0.259857142857143	0.155175482464215	0.185600060754451
m6	98	Egg	2	2	1e-04	0.608667689053508	0.52645440377604	107.562996701829	0.973979591836735	0.521162698412698	0.218917847392279	0.460448890545754
m7	98	Egg	2	2	0	0.439636673658872	0.0965682337106274	119.365567978428	0.965447154471545	0.486853174603175	0.215158656785888	0.425924963702649
m1	99	Egg	2	2	0.1	1.15493440738917	0.309586964804082	129.819085046272	0.91343537414966	0.499571428571429	0.199783183170171	0.435684015783001
m2	99	Egg	2	2	0.1	1.19386462654924	0.257906586402261	143.477603060181	0.931944444444444	0.463992063492064	0.207681406052777	0.402750147426875
m3	99	Egg	2	2	0.1	1.72643141865628	0.235048253282374	115.501123594761	0.845873015873016	0.171714285714286	0.144954947582356	0.107506840206886
m4	99	Egg	2	2	0.1	1.32931611644731	0.282627644758528	116.109899906601	0.925428571428571	0.444865079365079	0.178345347237513	0.379542180161123
m5	99	Egg	2	2	0.1	1.85034937378211	0.296269622246274	103.319265435958	0.777142857142857	0.184988095238095	0.149547510609961	0.113381188585332
m6	99	Egg	2	2	0.1	1.40599607839522	0.315243528140488	111.183347582727	0.870380952380952	0.329396825396825	0.175612940058799	0.261227440500071
m7	99	Egg	2	2	0.1	1.35776716034628	0.24178184486691	122.839911385729	0.895607553366174	0.369357142857143	0.192008001536335	0.305073604661238
m1	100	Egg	2	2	0.1	1.13655861497828	0.316835338802268	131.545177488368	0.936666666666667	0.395035714285714	0.176048723494508	0.326808340099502
m2	100	Egg	2	2	0.1	1.16465513468167	0.273094409063307	143.477603060181	0.934013605442177	0.461992063492064	0.21677521388248	0.405780109082309
m3	100	Egg	2	2	0.1	1.75090372141703	0.253851271522438	94.5310887268312	0.863571428571429	0.188357142857143	0.147560615830829	0.128604801242085
m4	100	Egg	2	2	0.1	1.25912131193838	0.274578060509431	131.841070824879	0.939285714285714	0.361599206349206	0.199474103895563	0.292852184002937
m5	100	Egg	2	2	0.1	1.66614556788579	0.263865678320729	93.7325494805471	0.821536796536797	0.221309523809524	0.145133210870716	0.146963426338475
m6	100	Egg	2	2	0.1	1.17228109519905	0.359425293950947	111.394221403767	0.90530612244898	0.386440476190476	0.203348132782472	0.319225973597541
m7	100	Egg	2	2	0.1	1.44960020398539	0.325167098800588	98.9094399994006	0.86509009009009	0.389138888888889	0.17239726855908	0.31440928045826
