Model	Iteration	Variable	Subsampled	MinObs	decay	logLoss	logLossSD	AIC	AUC	Accuracy	AccuracySD	Kappa
m1	1	Egg	2	2	0.1	0.880133398506833	0.21944083617435	73.9405434956595	0.916666666666667	0.474809523809524	0.239371323039892	0.387729060093716
m2	1	Egg	2	2	1e-04	0.459943754037427	0.278734277160969	65.7227613119237	0.965447154471545	0.4735	0.238707883035144	0.385771590728112
m3	1	Egg	2	2	0.1	1.60332314991271	0.20215490061609	54.5610293364934	0.731395348837209	0.144166666666667	0.156156397328086	0.0686258059928137
m4	1	Egg	2	2	0.1	1.21297261385699	0.295294093713472	56.591673775193	0.883771929824561	0.389214285714286	0.236617698994013	0.310736032375759
m5	1	Egg	2	2	0.1	1.68932515133516	0.331584282526598	49.9134642594511	0.768085106382979	0.202761904761905	0.1837919652072	0.119099698479326
m6	1	Egg	2	2	1e-04	0.788457644658841	0.707614322959769	63.8190850352606	0.925724637681159	0.555119047619048	0.23236721561643	0.47164619642863
m7	1	Egg	2	2	0	0.291316922526743	0.159900950420815	55.7829517165079	0.96869918699187	0.577833333333333	0.236605898681087	0.504395063163605
m1	2	Egg	2	2	1e-04	0.772046084063544	0.47108139809278	75.6576413441028	0.944927536231884	0.452666666666667	0.256626215711388	0.363571078963662
m2	2	Egg	2	2	0.1	1.21810583037098	0.412142236880449	82.0983069960319	0.893333333333333	0.409047619047619	0.230542298685263	0.318146239523477
m3	2	Egg	2	2	0.1	1.69158216308707	0.268317929417691	54.5610293364934	0.708914728682171	0.12002380952381	0.150091818176429	0.0403321919051517
m4	2	Egg	2	2	0.1	1.19908882069259	0.293723374492055	65.7937557996697	0.908503401360544	0.357714285714286	0.216000864017654	0.259193311734364
m5	2	Egg	2	2	0.1	1.42126013362265	0.264941040448311	70.3793325622889	0.816203703703704	0.259428571428571	0.172363279357887	0.157700643631456
m6	2	Egg	2	2	1e-04	0.664688719584416	0.305070753453118	90.5912857967599	0.975	0.376809523809524	0.239881376389066	0.296140125199259
m7	2	Egg	2	2	0.1	1.30790467962481	0.271128650221501	65.5451774954345	0.863333333333333	0.405	0.224502192790853	0.325161847104302
m1	3	Egg	2	2	1e-04	0.321106554961114	0.180573498986388	77.4986706836541	0.963008130081301	0.547238095238095	0.250233341251457	0.47324271862577
m2	3	Egg	2	2	1e-04	0.480690940789568	0.282681269474022	65.7227610957155	0.96869918699187	0.483714285714286	0.243333836924314	0.400178274623927
m3	3	Egg	2	2	0.1	1.68200053064941	0.276221677871198	54.5610335741553	0.726356589147287	0.124119047619048	0.146932278480028	0.0512893798855766
m4	3	Egg	2	2	1e-04	0.571953607323244	0.226920393721108	55.7523305208845	0.958527131782946	0.460880952380952	0.18787950286691	0.359705850542632
m5	3	Egg	2	2	0	0.882945212489786	0.184826393653052	46.8142719982047	0.874074074074074	0.273	0.222942611969941	0.176419508028204
m6	3	Egg	2	2	0	0.342658295027636	0.186918634701273	69.446632717789	0.961274509803922	0.525380952380952	0.223584573738599	0.425751829925568
m7	3	Egg	2	2	0	0.299414616168832	0.16742251165786	55.7829517165079	0.96078431372549	0.574119047619048	0.260887142593181	0.497434246699592
m1	4	Egg	2	2	0.1	0.912196507241593	0.254652358366435	83.9505474705228	0.939930555555556	0.481190476190476	0.239633200200549	0.39097130779459
m2	4	Egg	2	2	1e-04	0.461918792052904	0.320777407565791	65.7227613119237	0.953070175438597	0.509428571428571	0.240603650399063	0.417552472442808
m3	4	Egg	2	2	0.1	1.64635423511566	0.216890381007871	54.5610293364934	0.73780487804878	0.144761904761905	0.164252772906715	0.0660167321567068
m4	4	Egg	2	2	0.1	1.42041771018201	0.32175862806839	66.5916737710073	0.813333333333333	0.279190476190476	0.193169279291479	0.192085568496075
m5	4	Egg	2	2	0.1	1.71580992139592	0.315216485853892	72.3499038547827	0.69017094017094	0.218714285714286	0.180058111511044	0.135899229993622
m6	4	Egg	2	2	1e-04	0.938128037497688	0.786291845578994	73.819085039405	0.921739130434783	0.480404761904762	0.223263088780665	0.388076404520858
m7	4	Egg	2	2	0	0.314206093079531	0.176668766393729	55.7829517165079	0.946124031007752	0.530547619047619	0.257249958767489	0.432733769640419
m1	5	Egg	2	2	0.1	1.13253467134814	0.262201333318661	98.8022826460931	0.902127659574468	0.37327380952381	0.210790965182978	0.286704574620146
m2	5	Egg	2	2	0.1	1.20790863136617	0.384819349724496	82.0983069960319	0.851418439716312	0.422214285714286	0.232184461189713	0.325706405095606
m3	5	Egg	2	2	0.1	1.6563614055609	0.223259862334025	54.5610293364934	0.73968253968254	0.129166666666667	0.149866663521334	0.0557840249051886
m4	5	Egg	2	2	0.1	1.31629043405389	0.310045014084565	84.961164453394	0.879059829059829	0.3285	0.203467348340289	0.239139419754406
m5	5	Egg	2	2	0.1	1.70347586988182	0.295671773414579	72.3499038547827	0.728333333333333	0.226190476190476	0.165522770028137	0.128296749825677
m6	5	Egg	2	2	0.1	1.17767533178222	0.303252759550437	83.8190850367133	0.892	0.38197619047619	0.23677127204162	0.282451266462487
m7	5	Egg	2	2	0.1	1.38665600992616	0.292886917495727	65.5451774954345	0.817251461988304	0.394916666666667	0.233429198080004	0.315068482242395
m1	6	Egg	2	2	0.1	1.01564693658944	0.364963531508878	66.5916737937873	0.90650406504065	0.486547619047619	0.218608363720207	0.394467743473972
m2	6	Egg	2	2	0.1	1.09027698729909	0.26787017385224	66.7624141994264	0.88768115942029	0.436333333333333	0.237591969315626	0.329535701510765
m3	6	Egg	2	2	0.1	1.61763099939755	0.206431743024271	54.5610293364934	0.749462365591398	0.117666666666667	0.141814044948153	0.0486234757219515
m4	6	Egg	2	2	0.1	1.30343339508598	0.333333663782731	56.5916737751929	0.847549019607843	0.371571428571429	0.212276621908733	0.281745739554563
m5	6	Egg	2	2	0.1	1.5716713218028	0.259741772758672	50.0991938741569	0.806746031746032	0.209166666666667	0.183576132458797	0.116996449333468
m6	6	Egg	2	2	0.1	1.10260465377233	0.430849098572187	57.638170074542	0.849007936507936	0.464666666666667	0.256927367709901	0.38088927015014
m7	6	Egg	2	2	0.1	1.11459176558596	0.349730369714554	57.6381700612678	0.898958333333333	0.399571428571429	0.235404074348428	0.324716206839938
m1	7	Egg	2	2	0.1	0.751556964797432	0.17678757598456	73.8190850307194	0.951754385964912	0.489714285714286	0.271502162964454	0.413450859050748
m2	7	Egg	2	2	1e-04	0.494235977036734	0.328293361331496	65.7227610957155	0.966333333333333	0.531119047619048	0.246415065866235	0.448894068774638
m3	7	Egg	2	2	0.1	1.63129925300432	0.221739575356264	54.5610335741553	0.769097222222222	0.135833333333333	0.144432303297047	0.0557336603871337
m4	7	Egg	2	2	0.1	1.19446526623715	0.296090488550423	56.8155663573527	0.885658914728682	0.435666666666667	0.22080380655155	0.336306617727199
m5	7	Egg	2	2	0.1	1.64026117367491	0.266670277165678	62.3038895815747	0.804263565891473	0.201666666666667	0.177137419943761	0.109351379538565
m6	7	Egg	2	2	1e-04	0.73597128545472	0.811270002556336	63.8190850352606	0.959126984126984	0.523380952380952	0.271115821101255	0.445572304352551
m7	7	Egg	2	2	0	0.295601513382969	0.161885191327939	55.7829517165079	0.972764227642276	0.550023809523809	0.240085356442002	0.472671478564062
m1	8	Egg	2	2	0	5.14152620477237e-06	4.89408941545171e-06	76.5189459810425	1	0.721666666666667	0.285210695363801	0.671724565289783
m2	8	Egg	2	2	0	0.301490790058626	0.185409058059603	55.7355564100443	0.961666666666667	0.553119047619048	0.23844555637523	0.458337447031697
m3	8	Egg	2	2	0	1.43386757485859	0.233648090813317	47.833318375757	0.777604166666667	0.125952380952381	0.152305213560897	0.0665949941627972
m4	8	Egg	2	2	0	0.319600612913414	0.140690511839536	45.8001121544084	0.967777777777778	0.531428571428571	0.262766521384537	0.452250248115606
m5	8	Egg	2	2	0	1.06747365462881	0.236651694639644	48.9218154018599	0.862083333333333	0.245	0.176978950221626	0.162598405856718
m6	8	Egg	2	2	0	5.23029023499725e-06	6.08218377133233e-06	78.5238250853662	1	0.723952380952381	0.267814692804283	0.664125265942154
m7	8	Egg	2	2	0	0.328523973479484	0.127718297582988	55.7829517165079	0.971354166666667	0.508785714285714	0.237431420707445	0.433906404763182
m1	9	Egg	2	2	0.1	0.933765394724837	0.206122344297716	98.4329960747885	0.962925170068027	0.466190476190476	0.254047832049149	0.376765186963865
m2	9	Egg	2	2	1e-04	0.626382038896075	0.719437932283975	80.0230898589289	0.96962962962963	0.581071428571429	0.236056780099909	0.504226694090773
m3	9	Egg	2	2	0.1	1.80824228824409	0.282920127771528	54.5610293364934	0.723684210526316	0.108952380952381	0.140325132174227	0.0497497922021786
m4	9	Egg	2	2	0.1	1.51978607286128	0.334644348856338	68.634172980354	0.737666666666667	0.278452380952381	0.222823443296323	0.192983038710732
m5	9	Egg	2	2	0.1	1.92527744033998	0.255032069372282	75.3525272863081	0.630894308943089	0.120619047619048	0.132061731659374	0.0523719898889439
m6	9	Egg	2	2	1e-04	0.639966522466278	0.239899453879865	75.7118368328664	0.978623188405797	0.410380952380952	0.22002066539207	0.315232873541238
m7	9	Egg	2	2	0	0.320259995946424	0.143800648310757	73.960074714835	0.981862745098039	0.520595238095238	0.233978693224263	0.426521515509167
m1	10	Egg	2	2	0	0.273242088050154	0.15811858219764	78.5128215270138	0.975238095238095	0.557071428571429	0.238625061057171	0.472105944164526
m2	10	Egg	2	2	0	0.287926952021276	0.165484299916699	55.7355564100443	0.966352201257862	0.607833333333333	0.258225566747582	0.525656655597367
m3	10	Egg	2	2	0	1.4658026113295	0.255743101963802	47.833318375757	0.74037037037037	0.145833333333333	0.155454061406037	0.0714102359428653
m4	10	Egg	2	2	0.1	1.1390854843871	0.233919131734204	55.8184214405301	0.900347222222222	0.437	0.25096903743714	0.353267001286533
m5	10	Egg	2	2	0.1	1.47943232528726	0.296941056278622	54.9094400460605	0.817424242424242	0.241928571428571	0.199000541887337	0.145817708591377
m6	10	Egg	2	2	0	0.345796874632685	0.120192450910929	79.7401471262407	0.970486111111111	0.55247619047619	0.236084807003629	0.461130621418028
m7	10	Egg	2	2	0	0.318241691806573	0.172986779511519	55.7829517165079	0.962393162393162	0.546595238095238	0.243827169641244	0.458993750873546
