SumOfSqs	F	anova_p	adjR2	p	Response	Test	stepF	padj
0.048268292500297	6.39800897595077	0.001	0.381	0.001	Egg	Haplogroup	NA	0.009
0.355877435294851	1.21672180802003	0.001	0.024	0.001	Egg	Ancestry	1.24267843774938	0.009
3497788.65867835	3.00521273390175	0.001	0.186	0.003	Egg	Geography	NA	0.027
0.0252088586040791	7.8131551007537	0.001	0.206	0.001	Habitat	Haplogroup	NA	0.009
0.163561526402014	1.67943864143984	0.001	0.025	0.001	Habitat	Ancestry	1.67943864143984	0.009
4991125.6265856	16.7267181128587	0.001	0.374	0.001	Habitat	Geography	84.0751376580818	0.009
0.0998190134271981	71.1069692465282	0.001	0.92	0.001	Host	Haplogroup	71.1069692465281	0.009
0.617371102014498	1.55672808711045	0.001	0.084	0.001	Host	Ancestry	1.34764411148409	0.009
12458259.1436429	686.445591051593	0.001	0.991	0.001	Host	Geography	686.445590308943	0.009
